step,delay,waiting_time,stops,queue_length,road_rage
0,0.0,0.0,0.5,0.0,0.020000000000000004
1,0.6699595497632882,0.0,0.5,0.0,0.04679838199053153
2,1.3621928363622173,0.0,0.5,0.0,0.07448771345448871
3,1.4472421469096948,0.0,0.5,0.0,0.0778896858763878
4,1.9425235748940255,0.0,0.5,0.0,0.09770094299576103
5,3.306225057139268,0.0,0.5,0.0,0.15224900228557076
6,3.7869477392707713,0.0,0.5,0.0,0.17147790957083087
7,4.184574833865281,0.0,0.5,0.0,0.18738299335461128
8,4.50091366396206,0.0,0.5,0.0,0.2000365465584824
9,4.811907657885164,0.0,0.5,0.0,0.2124763063154066
10,5.290597795060478,0.0,0.5,0.0,0.23162391180241915
11,3.983085871239067,0.0,0.3333333333333333,0.0,0.17265676818289602
12,4.52525119186983,0.0,0.3333333333333333,0.0,0.19434338100812656
13,5.110314459193966,0.3333333333333333,0.6666666666666666,0.0,0.237745911701092
14,1.24352114187258,0.0,0.6666666666666666,0.0,0.07640751234156987
15,1.5233156536560302,0.0,0.6666666666666666,0.0,0.08759929281290788
16,3.4655966894254746,0.0,0.75,0.0,0.168623867577019
17,6.575552979617883,0.0,0.75,0.0,0.2930221191847153
18,7.25064908763413,0.0,0.75,0.0,0.32002596350536516
19,6.5070038700707125,0.0,0.75,0.0,0.29028015480282854
20,6.900023564463939,0.0,0.75,0.0,0.3060009425785576
21,8.831195213135736,0.0,0.75,0.0,0.3832478085254295
22,7.4257833003756515,0.0,0.6,0.0,0.3210313320150261
23,7.824204450923252,0.0,0.6,0.0,0.3369681780369301
24,7.8374881356262875,0.0,0.6,0.0,0.3374995254250515
25,8.10337348520446,0.0,0.6,0.0,0.3481349394081784
26,9.786130468003163,0.0,0.6,0.0,0.4154452187201266
27,10.063321502869888,0.0,0.6,0.0,0.4265328601147956
28,10.375381099541867,0.0,0.6,0.0,0.43901524398167474
29,10.342159037423183,0.0,0.6,0.0,0.4376863614969274
30,10.543601528809997,0.0,0.6,0.0,0.44574406115239995
31,11.790146217827289,0.0,0.6,0.0,0.4956058487130916
32,8.632900630878458,0.0,0.5714285714285714,0.0,0.36817316809228123
33,8.781195869835216,0.0,0.5714285714285714,0.0,0.3741049776505515
34,9.012304725600178,0.0,0.5714285714285714,0.0,0.38334933188115
35,9.583193749331574,0.0,0.5714285714285714,0.0,0.4061848928304059
36,9.863828572189165,0.0,0.5714285714285714,0.0,0.41741028574470945
37,10.124725336522646,0.0,0.5714285714285714,0.0,0.42784615631804873
38,10.363685380647889,0.0,0.5714285714285714,0.0,0.43740455808305845
39,10.578335773102706,0.0,0.5714285714285714,0.0,0.4459905737812512
40,10.888975989080782,0.0,0.5714285714285714,0.0,0.4584161824203742
41,10.672495281966324,0.0,0.5714285714285714,0.0,0.4497569541357958
42,8.442780062637068,0.14285714285714285,0.7142857142857143,0.5,0.3791397739340541
43,8.931090926743206,0.25,0.625,0.5,0.3972436370697283
44,10.184411675066247,0.375,0.625,0.5,0.44987646700264994
45,10.007329676875685,0.5,0.625,0.5,0.44529318707502746
46,11.88616413304794,0.625,0.625,0.5,0.5229465653219176
47,13.035226180686063,0.75,0.625,0.5,0.5714090472274426
48,10.27002064110271,0.7777777777777778,0.5555555555555556,0.5,0.45857860342188617
49,10.69027908700334,0.8888888888888888,0.5555555555555556,0.5,0.47761116348013366
50,8.378381695524078,1.0,0.5555555555555556,0.5,0.3873574900431854
51,8.663212802849719,1.1111111111111112,0.5555555555555556,0.5,0.40097295655843324
52,11.328744216785786,1.2222222222222223,0.5555555555555556,0.5,0.5098164353380981
53,10.550082645872227,1.2,0.5,0.5,0.47600330583488915
54,13.602915619266184,1.3,0.5,0.5,0.6001166247706474
55,14.093297772439328,1.5,0.6,1.25,0.6427319108975732
56,14.415097389427023,1.7,0.6,1.25,0.659603895577081
57,14.771932769803621,0.0,0.6,0.0,0.6148773107921449
58,15.387196590803129,0.0,0.6,0.0,0.6394878636321253
59,15.304971506661966,0.0,0.6,0.0,0.6361988602664788
60,16.535724373206328,0.0,0.6,0.0,0.6854289749282532
61,16.108770113969456,0.0,0.6,0.0,0.6683508045587783
62,16.40441503174859,0.0,0.6,0.0,0.6801766012699437
63,18.697398322141176,0.0,0.6,0.0,0.7718959328856472
64,17.283835064644965,0.0,0.6363636363636364,0.0,0.7168079480403442
65,16.18038462055197,0.0,0.6363636363636364,0.0,0.6726699302766241
66,16.42712852450565,0.0,0.6363636363636364,0.0,0.6825396864347715
67,18.175308442862118,0.0,0.6363636363636364,0.0,0.7524668831690302
68,18.42296291656066,0.0,0.6363636363636364,0.0,0.762373062116972
69,17.939200598274187,0.0,0.6363636363636364,0.0,0.743022569385513
70,18.946993583607863,0.0,0.6363636363636364,0.0,0.7833342887988599
71,19.19765095542979,0.0,0.6363636363636364,0.0,0.793360583671737
72,19.4710476882784,0.0,0.6363636363636364,0.0,0.8042964529856815
73,19.722436084323135,0.0,0.6363636363636364,0.0,0.8143519888274708
74,18.315942311157517,0.08333333333333333,0.6666666666666666,0.5,0.7709710257796341
75,18.583317104166017,0.16666666666666666,0.6666666666666666,0.5,0.7833326841666407
76,16.632732817132908,0.25,0.6666666666666666,0.5,0.706975979351983
77,16.470377223877925,0.3333333333333333,0.6666666666666666,0.5,0.7021484222884504
78,13.794657897712517,0.4166666666666667,0.6666666666666666,0.5,0.5967863159085006
79,12.02734444364881,0.5,0.6666666666666666,0.5,0.527760444412619
80,11.29241750625208,0.5384615384615384,0.6153846153846154,0.5,0.49708131563469865
81,10.37155925404613,0.6153846153846154,0.6153846153846154,0.5,0.46178544708492214
82,13.365379693976012,0.6923076923076923,0.6153846153846154,0.5,0.5830767262205789
83,17.518462391811894,0.7692307692307693,0.6153846153846154,0.5,0.7507384956724759
84,18.0766698872579,0.8461538461538461,0.6153846153846154,0.5,0.7746052570287776
85,17.08193687922108,0.8571428571428571,0.5714285714285714,0.5,0.7332774751688432
86,14.602558864285713,0.9285714285714286,0.5714285714285714,0.5,0.635530926
87,14.884720235701378,1.0,0.5714285714285714,0.5,0.6482459522851981
88,15.853568995907693,1.0714285714285714,0.5714285714285714,0.5,0.6884284741220222
89,13.903347722600028,1.1428571428571428,0.5714285714285714,0.5,0.611848194618287
90,16.320106968793965,1.2142857142857142,0.5714285714285714,0.5,0.7099471358946159
91,16.685759283943153,1.2857142857142858,0.5714285714285714,0.5,0.7260017999291548
92,17.017326171710724,0.0,0.5714285714285714,0.0,0.7035501897255719
93,17.32224503538434,0.0,0.5714285714285714,0.0,0.7157469442725166
94,17.612170201356303,0.0,0.5714285714285714,0.0,0.727343950911395
95,15.663723568337998,0.0,0.625,0.0,0.6515489427335199
96,14.906238400496157,0.0,0.625,0.0,0.6212495360198463
97,15.230076056891045,0.0,0.625,0.0,0.6342030422756418
98,14.741228156563864,0.0,0.625,0.0,0.6146491262625546
99,15.333569652445057,0.0625,0.6875,0.75,0.6570927860978022
100,17.36155919156853,0.125,0.6875,0.75,0.7394623676627412
101,17.643593674835632,0.1875,0.6875,0.75,0.7519937469934254
102,17.91870677440647,0.25,0.6875,0.75,0.7642482709762588
103,18.21806663500316,0.3125,0.6875,0.75,0.7774726654001264
104,18.517965565225666,0.375,0.6875,0.75,0.7907186226090266
105,15.70660302334192,0.4375,0.6875,0.75,0.6795141209336769
106,15.680944948614194,0.5,0.6875,0.75,0.6797377979445678
107,15.923200465947918,0.5625,0.6875,0.75,0.6906780186379167
108,15.390375000030694,0.625,0.6875,0.75,0.6706150000012278
109,15.665705566788656,0.6875,0.6875,0.75,0.6828782226715463
110,14.632169770806556,0.75,0.6875,0.75,0.6427867908322622
111,11.46021236652485,0.7647058823529411,0.6470588235294118,0.75,0.5145849652492293
112,11.94067683316249,0.8235294117647058,0.6470588235294118,0.75,0.5349800145029702
113,14.923262135084135,0.8823529411764706,0.6470588235294118,0.75,0.6554598971680713
114,12.661024400290414,0.0,0.6470588235294118,0.0,0.532323328952793
115,12.948053430818227,0.0,0.6470588235294118,0.0,0.5438044901739055
116,12.46507627510487,0.0,0.6111111111111112,0.0,0.5230474954486393
117,10.93388344117097,0.0,0.6111111111111112,0.0,0.4617997820912833
118,11.136028139709468,0.0,0.6111111111111112,0.0,0.4698855700328232
119,10.320705155946804,0.0,0.6111111111111112,0.0,0.4372726506823166
120,11.826676730016944,0.0,0.6111111111111112,0.0,0.4975115136451222
121,12.832816036295139,0.0,0.6111111111111112,0.0,0.53775708589625
122,16.460704731554987,0.05555555555555555,0.6666666666666666,0.5,0.6962059670399772
123,15.978459519169455,0.11764705882352941,0.7058823529411765,0.5,0.6797266160608958
124,15.493832995819323,0.1875,0.75,0.5,0.663503319832773
125,13.264100562881197,0.25,0.75,0.5,0.5755640225152479
126,14.423045835316206,0.3333333333333333,0.8,0.5,0.625588500079315
127,13.200073555339857,0.35294117647058826,0.7647058823529411,0.5,0.5756500010371238
128,13.93229806133795,0.4375,0.6875,0.5,0.603541922453518
129,14.984909789607503,0.5,0.6875,0.5,0.6468963915843001
130,15.286158809992628,0.5625,0.6875,0.5,0.6601963523997051
131,15.594379630645214,0.6875,0.75,1.0,0.6875251852258087
132,15.418346109505334,0.8125,0.75,1.0,0.6829838443802134
133,15.641259516985723,0.8125,0.8125,1.0,0.694400380679429
134,18.065441815144865,0.8125,0.8125,0.5,0.7813676726057946
135,18.407055575349617,0.875,0.8125,0.5,0.7962822230139847
136,17.824074353845162,0.9375,0.8125,0.5,0.7742129741538066
137,13.203919003441714,1.1333333333333333,0.8666666666666667,1.25,0.6104900934710019
138,15.332899650173154,0.125,0.8125,0.75,0.6633159860069261
139,15.666166287841715,0.1875,0.8125,0.75,0.6778966515136687
140,19.783569800264697,0.25,0.8125,0.75,0.843842792010588
141,20.127732377473052,0.3125,0.8125,0.75,0.858859295098922
142,19.922309128928813,0.4,0.7333333333333333,0.75,0.8492256984904859
143,19.63111649862802,0.4375,0.6875,0.75,0.8364946599451208
144,19.545456606170205,0.5,0.6875,0.75,0.8343182642468083
145,20.566356159598907,0.6,0.6666666666666666,0.75,0.876320913050623
146,21.012336833530867,0.7333333333333333,0.7333333333333333,1.5,0.9144934733412348
147,23.47482318743546,0.8666666666666667,0.7333333333333333,1.5,1.0
148,22.484794871686766,1.0625,0.875,2.75,1.0
149,23.027067766946498,1.3125,0.875,2.75,1.0
150,22.262935177824005,1.5625,0.875,2.75,1.0
151,22.75214443420059,1.8125,0.875,2.75,1.0
152,23.241387887653612,2.125,0.9375,3.0,1.0
153,21.815449740953255,1.375,0.9375,2.25,0.9826179896381302
154,22.282625138793104,1.1875,0.9375,1.5,0.9825550055517244
155,19.534715172596467,0.0,0.9375,0.0,0.8188886069038587
156,20.892126905615957,0.0,0.9333333333333333,0.0,0.8730184095579717
157,21.230467934992188,0.0,0.9333333333333333,0.0,0.8865520507330209
158,23.656690579696974,0.0,0.9333333333333333,0.0,0.9836009565212124
159,20.900620159328515,0.0,0.8823529411764706,0.0,0.8713189240201995
160,23.655777854589758,0.0,0.8823529411764706,0.0,0.9815252318306491
161,23.868134585523716,0.0,0.8823529411764706,0.0,0.9900195010680075
162,24.46824081827139,0.0,0.8823529411764706,0.0,1.0
163,27.56049310995748,0.0,0.8823529411764706,0.0,1.0
164,27.978433814072645,0.0,0.8823529411764706,0.0,1.0
165,28.71912803486261,0.11764705882352941,1.0,1.25,1.0
166,29.221432671060466,0.23529411764705882,1.0,1.25,1.0
167,29.58882575177208,0.35294117647058826,1.0,1.25,1.0
168,29.954741811435863,0.47058823529411764,1.0,1.25,1.0
169,26.75805707272556,0.5555555555555556,0.9444444444444444,1.25,1.0
170,27.048800900699263,0.6666666666666666,0.9444444444444444,1.0,1.0
171,29.295634361064035,0.7777777777777778,0.9444444444444444,1.0,1.0
172,26.434132760896887,0.4444444444444444,0.9444444444444444,0.5,1.0
173,30.186739085543735,0.5294117647058824,1.0,0.5,1.0
174,24.46946920482797,0.5555555555555556,1.0,0.5,1.0
175,25.252541417519776,0.6111111111111112,1.0,0.5,1.0
176,25.539333367044286,0.7222222222222222,1.0555555555555556,1.25,1.0
177,26.520224561715025,0.8333333333333334,1.0555555555555556,1.25,1.0
178,27.135625443823283,0.9444444444444444,1.0555555555555556,1.25,1.0
179,27.82771817283721,1.0555555555555556,1.0555555555555556,1.25,1.0
180,26.675191952753643,1.105263157894737,1.0526315789473684,1.25,1.0
181,27.08177747449936,1.2105263157894737,1.0526315789473684,1.25,1.0
182,27.44787304175933,1.3157894736842106,1.0526315789473684,1.25,1.0
183,27.84668122389698,1.4210526315789473,1.0526315789473684,1.25,1.0
184,26.44270234868235,0.47368421052631576,1.0526315789473684,0.75,1.0
185,25.275437470912678,0.5263157894736842,1.0526315789473684,0.75,1.0
186,26.231671132777013,0.631578947368421,1.105263157894737,1.25,1.0
187,26.92920385384949,0.7368421052631579,1.105263157894737,1.25,1.0
188,24.236912295371713,0.15789473684210525,1.105263157894737,0.5,1.0
189,22.246632614962337,0.21052631578947367,1.105263157894737,0.5,0.9482863572300724
190,20.80698314023518,0.25,1.0,0.5,0.8872793256094073
191,19.78475216234094,0.0,1.0,0.0,0.8313900864936377
192,19.614175189399173,0.05,1.05,0.75,0.842567007575967
193,21.472662402180404,0.1,1.05,0.75,0.9179064960872162
194,24.396974209908812,0.2,1.1,1.5,1.0
195,24.759832002706773,0.3,1.1,1.5,1.0
196,24.910746402891814,0.4,1.1,1.5,1.0
197,25.152896412960548,0.5,1.1,1.5,1.0
198,21.527480178531498,0.6,1.1,1.5,0.9470992071412601
199,22.458775241028345,0.7,1.1,1.5,0.986351009641134
200,22.042797633301962,0.8,1.1,1.5,0.9717119053320785
201,20.23946717623466,0.8571428571428571,1.0476190476190477,1.5,0.8986263060970054
202,20.490110981456933,0.9523809523809523,1.0476190476190477,1.5,0.9105568202106584
203,20.658741358226337,1.0476190476190477,1.0476190476190477,1.5,0.9192067971861964
204,20.879258422569187,1.1428571428571428,1.0476190476190477,1.5,0.9299322416646724
205,20.548518553761767,1.3,1.05,1.5,0.9199407421504708
206,19.78647401623304,1.3333333333333333,1.0476190476190477,1.5,0.8900303892207502
207,22.047268883983268,1.4285714285714286,1.0476190476190477,1.5,0.9823669458355213
208,21.45032258299579,1.6,1.0,1.5,0.9600129033198316
209,21.937995125832956,1.7,1.0,1.5,0.9815198050333184
210,20.392847525997002,0.0,1.0,0.0,0.8557139010398802
211,16.95464364078772,0.047619047619047616,1.0,0.75,0.7341381265838898
212,22.40596524798282,0.09523809523809523,1.0,0.75,0.9531433718240748
213,23.811071737699542,0.14285714285714285,1.0,0.75,1.0
214,23.7151832493832,0.23809523809523808,1.0476190476190477,1.5,1.0
215,23.984415957601342,0.3333333333333333,1.0476190476190477,1.5,1.0
216,25.51249033105236,0.42857142857142855,1.0476190476190477,1.5,1.0
217,25.16181153914014,0.55,1.05,1.5,1.0
218,23.256646602558863,0.6842105263157895,1.0526315789473684,1.5,1.0
219,24.543375238021166,0.7894736842105263,1.0526315789473684,1.5,1.0
220,25.57945779384091,0.8947368421052632,1.0526315789473684,1.5,1.0
221,19.55753717255103,0.4444444444444444,0.9444444444444444,0.75,0.8439681535687079
222,13.769415603486337,0.5,0.95,1.5,0.6287766241394536
223,17.48822205838828,0.6,0.95,1.5,0.7795288823355313
224,19.044081193401738,0.7894736842105263,0.9473684210526315,2.0,0.8554474582623854
225,15.890029229256248,1.0,1.0,2.75,0.7506011691702501
226,18.043504321590657,1.263157894736842,1.0526315789473684,3.5,0.8591085939162579
227,21.614995771750795,1.5263157894736843,1.0526315789473684,3.5,1.0
228,21.734431091315532,1.7894736842105263,1.0526315789473684,3.5,1.0
229,16.616306356914862,1.0,1.105263157894737,2.75,0.7838627805923841
230,17.440799113860916,0.7368421052631579,1.105263157894737,1.5,0.7865793329754893
231,21.546189989262757,0.8421052631578947,1.105263157894737,1.5,0.9529002311494577
232,20.79804912160626,0.9,1.05,1.5,0.9219219648642507
233,21.867097446135123,1.1111111111111112,1.0555555555555556,1.5,0.9691283422898495
234,18.500763173928576,1.2941176470588236,1.0588235294117647,1.5,0.8382658210747902
235,18.79170758931654,1.411764705882353,1.0588235294117647,1.5,0.8522565388667793
236,19.83451384553322,1.5294117647058822,1.0588235294117647,1.5,0.8963217302919171
237,20.161137107027336,1.6470588235294117,1.0588235294117647,1.5,0.9117396019281524
238,20.4344327773316,1.6666666666666667,1.0555555555555556,1.5,0.9229328666488197
239,20.414433352505625,1.7777777777777777,1.0555555555555556,1.5,0.9243551118780029
240,20.81400622240081,0.8333333333333334,1.0555555555555556,0.75,0.9064491377849215
241,20.213087626292392,0.05555555555555555,1.1111111111111112,0.75,0.8690790606072513
242,20.617669245753873,0.1111111111111111,1.1111111111111112,0.75,0.8863734364968217
243,19.918181373282543,0.21052631578947367,1.105263157894737,1.25,0.8701483075628808
244,20.327398655295944,0.3157894736842105,1.105263157894737,1.25,0.8886222620013116
245,25.484786113303564,0.5,1.1111111111111112,1.0,1.0
246,23.537437555504283,0.5555555555555556,1.1111111111111112,1.0,1.0
247,24.199012693538684,0.7777777777777778,1.2222222222222223,2.0,1.0
248,25.193635486642496,0.5555555555555556,1.2222222222222223,1.5,1.0
249,25.294068205339865,0.7222222222222222,1.2222222222222223,1.5,1.0
250,21.566498947439225,0.8888888888888888,1.2222222222222223,1.5,0.9593266245642357
251,26.125907312737564,0.2777777777777778,1.2222222222222223,0.75,1.0
252,27.46807412594789,0.3333333333333333,1.2222222222222223,0.75,1.0
253,27.706154868698952,0.4444444444444444,1.2777777777777777,1.5,1.0
254,25.686907186550815,0.5,1.2,1.5,1.0
255,26.13440123687291,0.6,1.2,1.5,1.0
256,26.581665701459144,0.75,1.25,2.0,1.0
257,27.048207713194035,0.9,1.25,2.0,1.0
258,24.707247728291648,1.05,1.25,2.0,1.0
259,27.197419807727492,1.2,1.25,2.0,1.0
260,28.675175008313126,1.4736842105263157,1.3157894736842106,2.5,1.0
261,29.617697664073255,1.736842105263158,1.368421052631579,3.0,1.0
262,30.128155954856012,2.0,1.368421052631579,3.0,1.0
263,29.256636555910607,2.263157894736842,1.368421052631579,3.0,1.0
264,29.246909913181536,2.526315789473684,1.263157894736842,3.0,1.0
265,27.87060935954258,2.8947368421052633,1.368421052631579,4.0,1.0
266,29.726532279114622,3.263157894736842,1.368421052631579,4.0,1.0
267,32.647981968740226,3.6315789473684212,1.368421052631579,4.0,1.0
268,34.75514122758498,4.052631578947368,1.4210526315789473,4.75,1.0
269,33.54079084428021,4.3,1.45,5.5,1.0
270,34.18133414279442,4.75,1.45,5.5,1.0
271,34.259552682854455,3.95,1.45,4.75,1.0
272,34.26163508849417,4.35,1.45,4.75,1.0
273,34.87332435279137,4.75,1.45,4.75,1.0
274,34.35348050171808,5.15,1.45,4.75,1.0
275,38.212937151583624,5.333333333333333,1.4761904761904763,5.25,1.0
276,37.600145280240355,5.761904761904762,1.4761904761904763,5.25,1.0
277,38.253045271776756,6.190476190476191,1.4761904761904763,5.25,1.0
278,40.243358559116444,6.619047619047619,1.4761904761904763,5.25,1.0
279,40.915863938437234,2.761904761904762,1.4761904761904763,3.0,1.0
280,41.59505947274244,0.9523809523809523,1.5238095238095237,2.0,1.0
281,40.84431461033334,0.7619047619047619,1.5238095238095237,1.5,1.0
282,41.47811724769513,0.8571428571428571,1.5238095238095237,1.5,1.0
283,42.73144416770631,0.9523809523809523,1.5238095238095237,1.5,1.0
284,42.14125963761269,1.0476190476190477,1.5238095238095237,1.5,1.0
285,39.2464634305124,1.0909090909090908,1.4090909090909092,1.5,1.0
286,39.229995998729535,1.2380952380952381,1.4761904761904763,1.5,1.0
287,39.735799828105826,1.3333333333333333,1.4761904761904763,1.5,1.0
288,39.69493336049434,1.5,1.5,1.5,1.0
289,42.054602862999914,1.6,1.5,1.5,1.0
290,38.927543176624184,0.55,1.5,0.75,1.0
291,42.25065451392861,0.6,1.5,0.75,1.0
292,42.6240251818724,0.65,1.5,0.75,1.0
293,37.16564683597964,0.7,1.5,0.75,1.0
294,37.57809451650922,0.8823529411764706,1.5294117647058822,0.75,1.0
295,39.77880564648275,1.0,1.588235294117647,1.25,1.0
296,37.94818710284676,1.0555555555555556,1.5,1.25,1.0
297,38.294133232192486,1.1666666666666667,1.5,1.25,1.0
298,37.3369084955148,0.2222222222222222,1.5,0.5,1.0
299,37.60034468915894,0.2777777777777778,1.5,0.5,1.0
300,39.33636296099317,0.3333333333333333,1.5,0.5,1.0
301,37.54678382058487,0.3684210526315789,1.4210526315789473,0.5,1.0
302,34.79491446200059,0.42105263157894735,1.4210526315789473,0.5,1.0
303,34.68807184990006,0.47368421052631576,1.4210526315789473,0.5,1.0
304,32.330401628063875,0.5263157894736842,1.4210526315789473,0.5,1.0
305,35.959527357934576,0.0,1.4210526315789473,0.0,1.0
306,34.449465386628496,0.05,1.4,0.0,1.0
307,35.42719098967342,0.05,1.45,0.5,1.0
308,34.27468441219075,0.15,1.5,1.0,1.0
309,36.054698639373484,0.25,1.5,1.0,1.0
310,32.60342133907279,0.3684210526315789,1.4210526315789473,1.0,1.0
311,32.97377772339033,0.47368421052631576,1.4210526315789473,1.0,1.0
312,33.37001912182843,0.631578947368421,1.4736842105263157,1.5,1.0
313,33.79258462268416,0.7894736842105263,1.4736842105263157,1.5,1.0
314,36.70376726713575,0.9473684210526315,1.4736842105263157,1.5,1.0
315,37.20750937362415,0.631578947368421,1.4736842105263157,1.0,1.0
316,37.72158546778934,0.8421052631578947,1.5789473684210527,2.25,1.0
317,30.973609942754514,1.05,1.45,3.0,1.0
318,33.20289361320032,1.3,1.45,3.0,1.0
319,33.80452193415539,1.55,1.45,3.0,1.0
320,32.86577237375159,1.85,1.5,3.75,1.0
321,33.417339303938334,2.15,1.5,3.75,1.0
322,30.646648911815227,2.45,1.5,3.75,1.0
323,33.8525007076861,2.8,1.55,4.5,1.0
324,34.43089238992262,3.2,1.6,5.25,1.0
325,34.86178448243143,2.9,1.6,4.75,1.0
326,33.97092547574067,3.25,1.6,4.75,1.0
327,28.577358478532883,1.380952380952381,1.5238095238095237,3.0,1.0
328,28.961210755495618,1.1428571428571428,1.5238095238095237,2.25,1.0
329,28.437784794892195,0.9523809523809523,1.5238095238095237,1.5,1.0
330,34.75807650070727,0.7142857142857143,1.5238095238095237,0.75,1.0
331,34.02746693009073,0.7619047619047619,1.5238095238095237,0.75,1.0
332,34.416380037891955,0.8095238095238095,1.5238095238095237,0.75,1.0
333,33.79817281348011,0.8571428571428571,1.4761904761904763,0.75,1.0
334,31.425670824528773,0.9047619047619048,1.4761904761904763,0.75,1.0
335,33.9463321536766,1.0,1.5238095238095237,1.25,1.0
336,34.32018045392393,1.0952380952380953,1.5238095238095237,1.25,1.0
337,31.354143473056485,1.1904761904761905,1.5238095238095237,1.25,1.0
338,27.735941810454538,1.2272727272727273,1.4545454545454546,1.25,1.0
339,29.193525024845265,1.380952380952381,1.380952380952381,1.25,1.0
340,33.568602054294715,1.4761904761904763,1.380952380952381,1.25,1.0
341,33.91212348437546,1.5714285714285714,1.380952380952381,1.25,1.0
342,34.14313084886995,1.6666666666666667,1.380952380952381,1.25,1.0
343,34.82745912449737,1.7619047619047619,1.380952380952381,1.25,1.0
344,34.29350889908424,0.55,1.35,1.25,1.0
345,34.67927502738243,0.1,1.35,0.75,1.0
346,35.02557011929019,0.0,1.35,0.0,1.0
347,33.851161689850436,0.0,1.35,0.0,1.0
348,32.921833132487535,0.0,1.2380952380952381,0.75,1.0
349,32.36542331102233,0.09523809523809523,1.2857142857142858,1.25,1.0
350,29.392853808577435,0.1,1.15,0.5,1.0
351,29.559308415618936,0.15,1.15,0.5,1.0
352,26.45683289383029,0.2,1.15,0.5,1.0
353,29.49484681740595,0.3,1.2,1.25,1.0
354,26.031557690515882,0.4,1.2,1.25,1.0
355,29.42685696545892,0.5,1.2,1.25,1.0
356,29.917171178366157,0.6,1.2,1.25,1.0
357,30.508681581027,0.75,1.25,2.0,1.0
358,30.872491293184538,0.9,1.25,2.0,1.0
359,29.18154368088171,1.0,1.2380952380952381,2.25,1.0
360,30.277702293636942,1.1428571428571428,1.2380952380952381,1.75,1.0
361,30.658467610234986,1.2857142857142858,1.2380952380952381,1.75,1.0
362,27.83095258138733,1.5,1.15,1.75,1.0
363,28.219065619309525,1.7,1.2,2.25,1.0
364,28.632744376618444,1.8095238095238095,1.1428571428571428,2.25,1.0
365,25.348151649129424,0.7619047619047619,1.1428571428571428,1.25,1.0
366,27.317128744821588,0.95,1.15,1.75,1.0
367,27.40319430463078,1.15,1.2,1.75,1.0
368,28.65682080369904,1.35,1.2,1.75,1.0
369,30.355314637781298,1.4,1.2,1.75,1.0
370,29.281898445199815,1.4761904761904763,1.1904761904761905,1.75,1.0
371,29.67116047638132,0.42857142857142855,1.1904761904761905,0.5,1.0
372,31.360854708916847,0.47619047619047616,1.1904761904761905,0.5,1.0
373,31.739072495788367,0.5238095238095238,1.1904761904761905,0.5,1.0
374,32.11360256146258,0.5714285714285714,1.1904761904761905,0.5,1.0
375,31.948998158107603,0.0,1.1904761904761905,0.0,1.0
376,32.77938479146372,0.0,1.1904761904761905,0.0,1.0
377,33.08721812922097,0.0,1.1904761904761905,0.0,1.0
378,31.744539428809496,0.0,1.1904761904761905,0.0,1.0
379,30.282506372941857,0.0,1.1904761904761905,0.0,1.0
380,29.439530309347912,0.0,1.1304347826086956,0.0,1.0
381,29.172852428783848,0.0,1.1304347826086956,0.0,1.0
382,29.80836015755387,0.0,1.1304347826086956,0.0,1.0
383,30.427464910645817,0.043478260869565216,1.173913043478261,0.0,1.0
384,30.4658445351092,0.08695652173913043,1.173913043478261,0.0,1.0
385,32.19686020113641,0.13636363636363635,1.1818181818181819,0.0,1.0
386,32.47495387685643,0.22727272727272727,1.2272727272727273,0.75,1.0
387,31.029901695472244,0.09090909090909091,1.2272727272727273,0.75,1.0
388,28.897207884350728,0.14285714285714285,1.1428571428571428,0.75,1.0
389,32.0257399238032,0.19047619047619047,1.1428571428571428,0.75,1.0
390,34.276066058082264,0.23809523809523808,1.1428571428571428,0.75,1.0
391,32.217297302073455,0.3181818181818182,1.1363636363636365,1.25,1.0
392,28.08456102966628,0.42857142857142855,1.0952380952380953,1.25,1.0
393,33.519507768692826,0.5238095238095238,1.0952380952380953,1.25,1.0
394,33.673086768480424,0.6190476190476191,1.0952380952380953,1.25,1.0
395,32.20034798237437,0.75,1.1,1.25,1.0
396,30.75775548310955,0.85,1.1,1.25,1.0
397,31.420197593414457,1.0,1.15,2.0,1.0
398,31.854304867515463,1.2,1.2,2.5,1.0
399,32.882085759227934,1.4,1.2,2.5,1.0
400,32.03579896286008,1.6842105263157894,1.2105263157894737,2.5,1.0
401,30.827252318269064,1.8,1.2,3.0,1.0
402,31.250677318007337,2.0,1.2,2.5,1.0
403,28.102494996866938,1.0,1.2,1.25,1.0
404,28.505147759141085,1.1,1.2,1.25,1.0
405,22.262757092727405,0.7894736842105263,1.105263157894737,0.5,0.9605102837090962
406,28.945721678141496,0.8421052631578947,1.105263157894737,0.5,1.0
407,24.94610912604735,0.8947368421052632,1.105263157894737,0.5,1.0
408,27.293933102400512,0.9473684210526315,1.105263157894737,0.5,1.0
409,27.66732472891356,1.0,1.105263157894737,0.5,1.0
410,28.348843189291635,1.0526315789473684,1.105263157894737,0.5,1.0
411,28.74293064236433,1.105263157894737,1.105263157894737,0.5,1.0
412,26.104813370553366,1.0476190476190477,1.0476190476190477,0.5,1.0
413,28.129635626503198,1.0952380952380953,1.0476190476190477,0.5,1.0
414,29.156410815686318,1.1428571428571428,1.0476190476190477,0.5,1.0
415,29.60556591229988,1.2380952380952381,1.0952380952380953,1.25,1.0
416,28.88042377458131,1.4,1.0,1.25,1.0
417,30.043643043173603,0.0,1.0,0.0,1.0
418,31.5823092102943,0.0,1.0,0.0,1.0
419,32.04889509198502,0.05,1.05,0.25,1.0
420,30.55143131426678,0.15,1.1,1.0,1.0
421,31.81399719739654,0.25,1.1,1.0,1.0
422,30.34688420246258,0.0,1.0476190476190477,0.0,1.0
423,30.63320836447539,0.0,1.0476190476190477,0.0,1.0
424,31.47673106763334,0.0,1.1,0.0,1.0
425,31.82079409896995,0.0,1.1,0.0,1.0
426,29.24522255695134,0.05,1.15,0.5,1.0
427,27.95504113881263,0.1,1.15,0.5,1.0
428,24.676278315673645,0.14285714285714285,1.0952380952380953,0.5,1.0
429,25.442968115877935,0.19047619047619047,1.0952380952380953,0.5,1.0
430,24.98237879168834,0.23809523809523808,1.0952380952380953,0.5,1.0
431,26.072370849701628,0.3333333333333333,1.1428571428571428,1.0,1.0
432,27.707458664402328,0.42857142857142855,1.1428571428571428,1.0,1.0
433,26.623498479861805,0.5238095238095238,1.0476190476190477,1.0,1.0
434,22.931180391974785,0.6190476190476191,1.0476190476190477,1.0,0.9915329299647057
435,19.104858503348396,0.5,1.0,0.5,0.824194340133936
436,19.75876124852619,0.55,1.0,0.5,0.8513504499410477
437,19.097016320557348,0.6,1.0,0.5,0.825880652822294
438,20.59236644547626,0.65,1.0,0.5,0.8866946578190504
439,21.48853641369771,0.75,1.05,1.25,0.9415414565479086
440,21.93871747516125,0.85,1.05,1.25,0.9615486990064501
441,14.013907722131567,0.0,1.05,0.0,0.6025563088852627
442,12.372974348321227,0.0,1.05,0.0,0.536918973932849
443,11.312480069960486,0.047619047619047616,0.9523809523809523,0.5,0.5015468218460385
444,13.482694126790829,0.09523809523809523,0.9523809523809523,0.5,0.5893077650716331
445,17.48596320768204,0.19047619047619047,1.0,1.25,0.7682480521168056
446,18.68163469001961,0.3,1.0,1.25,0.8182653876007845
447,19.312226088367048,0.4,1.0,1.25,0.845489043534682
448,19.657546703904607,0.5,1.0,1.25,0.8613018681561844
449,19.993617000728328,0.6,1.0,1.25,0.8767446800291332
450,22.354482798186083,0.7,1.0,1.25,0.9731793119274433
451,22.317338120633543,0.8,1.0,1.25,0.9736935248253419
452,22.61432892387962,0.9,1.0,1.25,0.9875731569551849
453,23.32573348940491,1.0,1.0,1.25,1.0
454,20.749303843829345,0.5714285714285714,1.0,0.5,0.8914007251817454
455,21.265844396170575,0.6190476190476191,1.0,0.5,0.9130147282277755
456,21.46819048471554,0.6666666666666666,1.0,0.5,0.9220609527219549
457,21.722367954972135,0.7142857142857143,1.0,0.5,0.9331804324845998
458,25.370091872451603,0.7619047619047619,1.0,0.5,1.0
459,24.056819165437936,0.8095238095238095,0.9523809523809523,0.5,1.0
460,24.221477336821252,0.9523809523809523,1.0476190476190477,1.5,1.0
461,23.628939538013835,1.0952380952380953,1.0476190476190477,1.5,1.0
462,24.19076975701081,1.2380952380952381,1.0476190476190477,1.5,1.0
463,24.501900874015757,0.38095238095238093,1.0476190476190477,1.0,1.0
464,23.28327366117156,0.45454545454545453,1.0,1.0,1.0
465,23.503041635621802,0.2727272727272727,1.0,0.75,1.0
466,24.10600591938169,0.3181818181818182,1.0,0.75,1.0
467,24.304977787325175,0.36363636363636365,1.0,0.75,1.0
468,24.50813404394427,0.4090909090909091,1.0,0.75,1.0
469,24.333055663688405,0.47619047619047616,1.0,0.75,1.0
470,24.34712433918788,0.5238095238095238,1.0,0.75,1.0
471,24.230169972084923,0.0,1.0,0.0,1.0
472,22.764425697010033,0.0,1.0,0.0,0.9505770278804013
473,23.7889054169909,0.0,1.0,0.0,0.9915562166796361
474,24.19959644965982,0.0,1.0,0.0,1.0
475,18.940798647504185,0.0,0.9545454545454546,0.0,0.7958137640819857
476,19.122432072085893,0.0,0.9545454545454546,0.0,0.8030791010652539
477,19.39848357073036,0.0,0.9047619047619048,0.0,0.8121298190196907
478,22.908758409817793,0.05263157894736842,0.8421052631578947,0.75,0.9660871784979749
479,24.336711858099083,0.1111111111111111,0.8888888888888888,0.75,1.0
480,24.518931849797426,0.2222222222222222,0.9444444444444444,1.25,1.0
481,25.78001341468714,0.3333333333333333,0.9444444444444444,1.25,1.0
482,23.599626698030445,0.0,1.0,0.0,0.9839850679212179
483,23.94232357152903,0.0,1.0,0.0,0.9976929428611613
484,23.611416419997095,0.0,1.0,0.0,0.9844566567998838
485,25.014537752539987,0.0,1.0,0.0,1.0
486,24.42779519389742,0.0,1.0,0.0,1.0
487,22.555209806325244,0.0,1.0,0.0,0.9422083922530098
488,24.422507205619596,0.0,1.0625,0.0,1.0
489,27.211331772773644,0.0625,1.125,0.75,1.0
490,27.628903953766994,0.125,1.125,0.75,1.0
491,26.75182438582991,0.17647058823529413,1.0588235294117647,0.75,1.0
492,27.152256009199977,0.23529411764705882,1.0588235294117647,0.75,1.0
493,27.55959245987788,0.35294117647058826,1.1176470588235294,1.25,1.0
494,29.149642132940556,0.5,1.1875,1.25,1.0
495,26.55250952959485,0.1875,1.1875,0.5,1.0
496,24.442217942885044,0.26666666666666666,1.2,0.5,1.0
497,22.16464550651912,0.3333333333333333,1.2,0.5,0.9512524869274316
498,25.802535023363394,0.4666666666666667,1.2666666666666666,1.0,1.0
499,30.890457957080056,0.6428571428571429,1.2142857142857142,1.0,1.0
500,31.287057778944057,0.7857142857142857,1.2142857142857142,1.0,1.0
501,30.96857823190713,1.0,1.1538461538461537,1.0,1.0
502,31.404540972925563,1.1538461538461537,1.1538461538461537,1.0,1.0
503,31.870037819317663,1.3076923076923077,1.1538461538461537,1.0,1.0
504,32.330925300620905,1.5384615384615385,1.2307692307692308,1.75,1.0
505,28.929335597721078,1.7692307692307692,1.2307692307692308,1.75,1.0
506,29.906241648261602,2.0,1.2307692307692308,1.75,1.0
507,28.14032236906126,2.0714285714285716,1.1428571428571428,1.75,1.0
508,28.532042653500866,2.2857142857142856,1.1428571428571428,1.75,1.0
509,28.927025741994125,0.42857142857142855,1.1428571428571428,0.75,1.0
510,29.304186280366565,0.5,1.1428571428571428,0.75,1.0
511,29.714921064755636,0.5714285714285714,1.1428571428571428,0.75,1.0
512,30.12524326654022,0.6428571428571429,1.1428571428571428,0.75,1.0
513,25.693920671241468,0.7142857142857143,1.1428571428571428,0.75,1.0
514,28.25204983904415,0.7857142857142857,1.1428571428571428,0.75,1.0
515,23.707907076002694,0.8571428571428571,1.1428571428571428,0.75,1.0
516,28.40936835383626,0.9285714285714286,1.1428571428571428,0.75,1.0
517,25.955093487918894,1.0,1.0714285714285714,0.75,1.0
518,26.383571114528127,1.0714285714285714,1.0714285714285714,0.75,1.0
519,26.835099430636813,1.1428571428571428,1.0714285714285714,0.75,1.0
520,24.015070015472116,0.07142857142857142,1.1428571428571428,0.75,1.0
521,24.332643262411267,0.2857142857142857,1.2857142857142858,1.75,1.0
522,22.234883421001935,0.4666666666666667,1.2,1.75,0.9817286701734109
523,24.3462072212232,0.6666666666666666,1.2,1.75,1.0
524,27.00805999780845,0.8666666666666667,1.2,1.75,1.0
525,27.40933365817176,1.0666666666666667,1.2,1.75,1.0
526,29.286557128986303,1.2666666666666666,1.2,1.75,1.0
527,29.759079747098873,0.5333333333333333,1.2,0.75,1.0
528,23.724357872088753,0.5625,1.125,0.75,1.0
529,24.554040076883677,0.625,1.125,0.75,1.0
530,26.739713501499278,0.6875,1.125,0.75,1.0
531,26.240535453243204,0.75,1.125,0.75,1.0
532,27.069375361465116,0.8125,1.125,0.75,1.0
533,27.50304989282812,0.875,1.125,0.75,1.0
534,24.47587587738382,0.9375,1.125,0.75,1.0
535,24.1971272472689,1.0,1.125,0.75,1.0
536,24.41015655432922,1.0625,1.125,0.75,1.0
537,26.984723551504388,1.125,1.125,0.75,1.0
538,25.611885206930367,1.1176470588235294,1.0588235294117647,0.75,1.0
539,23.801391684807765,0.0,1.0588235294117647,0.0,0.9944086085687813
540,22.70577658993045,0.0,1.0,0.0,0.9482310635972182
541,21.66148961181412,0.0,1.0,0.0,0.9064595844725649
542,19.779520937549595,0.0,1.0,0.0,0.8311808375019839
543,21.357663112849192,0.0,1.0,0.0,0.8943065245139676
544,21.56834241387527,0.0,1.0,0.0,0.902733696555011
545,23.856710628196826,0.0,1.0,0.0,0.9942684251278732
546,24.068971603574415,0.0,1.0,0.0,1.0
547,24.28792520297517,0.0,1.0,0.0,1.0
548,23.346840671320592,0.0,1.0,0.0,0.9738736268528237
549,23.452916227529066,0.0,1.0,0.0,0.9781166491011627
550,25.992378397620538,0.0,1.0588235294117647,0.0,1.0
551,25.925659243296774,0.0,1.0588235294117647,0.0,1.0
552,26.26181870577188,0.0,1.0588235294117647,0.0,1.0
553,25.466118433423677,0.0,1.0588235294117647,0.0,1.0
554,25.35678116754849,0.0,1.0555555555555556,0.0,1.0
555,27.446637889549145,0.0,1.0588235294117647,0.0,1.0
556,27.666678992882034,0.0,1.0588235294117647,0.0,1.0
557,28.20504886159488,0.0,1.0588235294117647,0.0,1.0
558,26.906795507733122,0.0,1.0588235294117647,0.0,1.0
559,25.317363476444186,0.0,1.0,0.0,1.0
560,24.853772687408274,0.0,0.8666666666666667,0.0,1.0
561,25.177573609545263,0.0,0.8666666666666667,0.0,1.0
562,27.883069854349813,0.0,0.8666666666666667,0.0,1.0
563,27.924723290419486,0.0,0.8666666666666667,0.0,1.0
564,28.0731284338994,0.14285714285714285,0.8571428571428571,0.75,1.0
565,30.586003481847023,0.2857142857142857,0.8571428571428571,0.75,1.0
566,29.6456309693794,0.21428571428571427,0.8571428571428571,0.75,1.0
567,28.73451989123704,0.2857142857142857,0.8571428571428571,0.75,1.0
568,31.366229459427814,0.35714285714285715,0.8571428571428571,0.75,1.0
569,33.379235707581714,0.42857142857142855,0.8571428571428571,0.75,1.0
570,29.58438410111133,0.4375,0.8125,1.5,1.0
571,29.249842568660377,0.5625,0.8125,1.5,1.0
572,29.205275691988522,0.7333333333333333,0.8,1.5,1.0
573,30.48182713486893,0.8666666666666667,0.8,1.5,1.0
574,30.86547142857212,1.0,0.8,1.5,1.0
575,31.594563750220104,1.1333333333333333,0.8,1.5,1.0
576,32.015166869847995,1.2666666666666666,0.8,1.5,1.0
577,32.49151997701162,0.5333333333333333,0.8666666666666667,1.5,1.0
578,29.122705938423167,0.6666666666666666,0.8666666666666667,1.5,1.0
579,29.530357421304583,0.8666666666666667,0.9333333333333333,2.25,1.0
580,23.340353873946917,1.0,0.9375,2.25,1.0
581,23.780547188317023,1.1875,0.9375,2.25,1.0
582,26.248402047272997,1.375,0.9375,2.25,1.0
583,24.671362531135962,1.5625,0.9375,2.25,1.0
584,24.383298024154232,1.75,0.9375,2.25,1.0
585,27.930577941323673,2.066666666666667,1.0,2.25,1.0
586,27.363980112988482,2.125,0.9375,2.25,1.0
587,27.530197270485935,2.3125,0.9375,2.25,1.0
588,30.049159410347404,2.5,0.9375,2.25,1.0
589,30.411410114021116,2.6875,0.9375,2.25,1.0
590,27.568514396131192,2.125,0.9375,1.5,1.0
591,25.3207945947178,2.1176470588235294,0.8823529411764706,1.5,1.0
592,26.876531107779435,2.235294117647059,0.8823529411764706,1.5,1.0
593,31.222171481532065,2.3529411764705883,0.8823529411764706,1.5,1.0
594,31.525642635691003,1.0588235294117647,0.8823529411764706,0.75,1.0
595,31.81470710234984,1.1176470588235294,0.8823529411764706,0.75,1.0
596,32.042816722591525,1.1764705882352942,0.8823529411764706,0.75,1.0
597,32.70476980315799,1.3125,0.6875,0.75,1.0
598,33.09447660575093,1.375,0.6875,0.75,1.0
599,23.997785901288033,1.4375,0.6875,0.75,1.0
600,30.169508436055835,1.5,0.6875,0.75,1.0
601,30.688458337102173,0.0625,0.75,0.75,1.0
602,28.17719088900448,0.1875,0.8125,1.25,1.0
603,28.12787381426832,0.375,0.875,2.0,1.0
604,28.554584114281756,0.5625,0.875,2.0,1.0
605,28.970248688395102,0.75,0.875,2.0,1.0
606,24.54645167794488,1.0,0.9375,2.75,1.0
607,29.016235369232135,1.25,0.9375,2.75,1.0
608,24.94288440248562,1.6,0.8,2.75,1.0
609,25.33148206464492,1.8666666666666667,0.8,2.75,1.0
610,20.371451774712888,2.1333333333333333,0.8,2.75,0.9445247376551823
611,21.558856755337192,2.4,0.8,2.75,0.9973542702134879
612,20.780736148125712,2.5,0.8125,2.75,0.9687294459250286
613,22.638805359575315,2.75,0.8125,2.75,1.0
614,23.297656480815874,3.0,0.8125,2.75,1.0
615,21.341325611220146,1.6666666666666667,0.8666666666666667,1.5,0.951653024448806
616,21.084148201071095,1.0666666666666667,0.8666666666666667,0.75,0.9143659280428438
617,21.324545200984467,1.125,0.875,1.5,0.9404818080393788
618,19.92847204439709,1.3125,0.9375,2.0,0.9008888817758837
619,20.320855454718114,1.5,0.9375,2.0,0.9203342181887245
620,20.69493927328874,1.25,0.9375,0.75,0.9052975709315495
621,25.300442953916914,1.4,1.0,0.75,1.0
622,26.079819431435194,1.4666666666666666,1.0,0.75,1.0
623,26.85147480342848,1.4375,0.9375,0.75,1.0
624,26.72073627276221,0.0,0.9375,0.0,1.0
625,23.556623235766256,0.0,0.8666666666666667,0.0,0.976931596097317
626,22.154697103096154,0.0,0.8666666666666667,0.0,0.9208545507905128
627,26.237693754179865,0.0,0.8666666666666667,0.0,1.0
628,26.53509329176499,0.0,0.8666666666666667,0.0,1.0
629,28.70794518942834,0.0,0.8666666666666667,0.0,1.0
630,28.98657144381406,0.0,0.8666666666666667,0.0,1.0
631,28.85292074717896,0.07142857142857142,0.9285714285714286,0.5,1.0
632,29.22120026100231,0.14285714285714285,0.9285714285714286,0.5,1.0
633,25.80050077412352,0.1875,0.9375,0.5,1.0
634,26.129999041894017,0.25,0.9375,0.5,1.0
635,26.122931516667357,0.3125,0.9375,0.5,1.0
636,26.794155472620666,0.375,0.9375,0.5,1.0
637,27.115073159496994,0.4375,0.9375,0.5,1.0
638,27.42095772877421,0.5333333333333333,0.8666666666666667,0.5,1.0
639,27.74744866063567,0.6,0.8666666666666667,0.5,1.0
640,28.083285945206686,0.6666666666666666,0.8666666666666667,0.5,1.0
641,28.41541500759935,0.8666666666666667,1.0,1.75,1.0
642,28.7522147854399,1.0666666666666667,1.0,1.75,1.0
643,27.39651299802774,1.2666666666666666,1.0,1.75,1.0
644,25.95361844751691,1.375,0.9375,1.75,1.0
645,26.695149185707713,1.5625,0.9375,1.75,1.0
646,27.108786158930634,1.75,0.9375,1.75,1.0
647,27.02151500622412,0.875,0.9375,1.25,1.0
648,26.522153649048633,1.0,0.9375,1.25,1.0
649,25.76180001324718,1.1176470588235294,1.0,2.0,1.0
650,23.849699180839004,0.11764705882352941,1.0,0.75,1.0
651,20.230851127180056,0.0,1.0,0.0,0.8492340450872023
652,22.775339491859754,0.0,1.0,0.0,0.9510135796743902
653,23.44714308677058,0.0,1.0,0.0,0.9778857234708233
654,22.3803813460611,0.0,1.0,0.0,0.935215253842444
655,22.8941798928714,0.0,1.0,0.0,0.9557671957148561
656,24.5845596805516,0.0,1.0,0.0,1.0
657,23.97298554619737,0.0,1.0,0.0,0.9989194218478948
658,21.113392089590246,0.0,1.0,0.0,0.8845356835836098
659,22.283544385134192,0.0,0.9375,0.0,0.9288417754053677
660,22.4475960613864,0.0,0.9375,0.0,0.9354038424554559
661,24.057428096244294,0.0,0.9375,0.0,0.9997971238497717
662,24.228363694672055,0.0,0.9375,0.0,1.0
663,23.96389706888242,0.0,0.9333333333333333,0.0,0.9958892160886302
664,24.826230242899523,0.0,0.9333333333333333,0.0,1.0
665,22.054021682205597,0.0,0.8235294117647058,0.0,0.9151020437588121
666,13.127906255453066,0.0,0.8235294117647058,0.0,0.558057426688711
667,14.897524059531634,0.0,0.8235294117647058,0.0,0.6288421388518536
668,13.917885829028485,0.0,0.8235294117647058,0.0,0.5896566096317276
669,16.465699353813065,0.0,0.8235294117647058,0.0,0.691569150623111
670,16.67245300234632,0.0,0.8235294117647058,0.0,0.6998392965644411
671,15.118526619383715,0.0,0.75,0.0,0.6347410647753486
672,16.143967335675818,0.0,0.8,0.0,0.6777586934270328
673,15.843493919208935,0.0,0.8,0.0,0.6657397567683575
674,15.42097883220071,0.06666666666666667,0.8666666666666667,0.5,0.6628391532880283
675,15.600896637659382,0.125,0.875,0.5,0.6715358655063753
676,14.45088935498628,0.1875,0.875,0.5,0.6267855741994514
677,15.579471307945944,0.25,0.875,0.5,0.6731788523178379
678,16.52448169494145,0.3125,0.875,0.5,0.712229267797658
679,16.85120309230998,0.375,0.875,0.5,0.7265481236923993
680,14.777043714446066,0.4375,0.875,0.5,0.6448317485778428
681,12.591837487201701,0.5,0.875,0.5,0.5586734994880681
682,15.523542530557513,0.5625,0.875,0.5,0.6771917012223005
683,15.957075422822086,0.625,0.875,0.5,0.6957830169128835
684,17.034737629199846,0.6875,0.875,0.5,0.740139505167994
685,17.617200134899576,0.8,0.8,0.5,0.7626880053959831
686,16.735133568328045,0.8125,0.75,0.5,0.7256553427331218
687,16.973581597006437,0.875,0.75,0.5,0.7364432638802575
688,19.18518238073238,0.9375,0.75,0.5,0.8261572952292953
689,19.160618241647143,1.0,0.75,0.5,0.8264247296658858
690,17.81753673166689,1.0625,0.75,0.5,0.7739514692666758
691,20.9124256364373,1.125,0.75,0.5,0.8989970254574919
692,20.356063620970588,1.1875,0.75,0.5,0.8779925448388236
693,20.52921572539025,1.3333333333333333,0.7333333333333333,0.5,0.88716862901561
694,20.428520592277398,0.0,0.7333333333333333,0.0,0.8464741570244293
695,20.606270083449203,0.0,0.7333333333333333,0.0,0.8535841366713016
696,22.141076808873542,0.0,0.6875,0.0,0.9131430723549417
697,22.12958048639624,0.0,0.7333333333333333,0.0,0.9145165527891829
698,19.69847451002003,0.0,0.6428571428571429,0.0,0.8136532661150869
699,19.936731731119373,0.0,0.6428571428571429,0.0,0.8231835549590606
700,22.03357357484659,0.0,0.6428571428571429,0.0,0.9070572287081492
701,22.275940124110004,0.0,0.6428571428571429,0.0,0.9167518906786859
702,22.54053575335115,0.0,0.6428571428571429,0.0,0.9273357158483317
703,21.26276445685281,0.0,0.6428571428571429,0.0,0.8762248639883982
704,22.299784966076484,0.0,0.6428571428571429,0.0,0.9177056843573451
705,22.75987384440887,0.07142857142857142,0.7142857142857143,0.5,0.9503949537763549
706,23.786265592846412,0.14285714285714285,0.7142857142857143,0.5,0.9928791951424281
707,22.477115887616204,0.2,0.7333333333333333,0.5,0.9424179688379816
708,22.80227328974907,0.3333333333333333,0.8,0.75,0.9657575982566295
709,23.412020215601622,0.5714285714285714,0.9285714285714286,1.25,1.0
710,22.92001375363103,0.6428571428571429,0.9285714285714286,0.75,0.9818005501452413
711,23.276269001989995,0.0,0.9285714285714286,0.0,0.9681936172224569
712,24.144829808439983,0.0,0.9285714285714286,0.0,1.0
713,26.3619072770042,0.0,0.9285714285714286,0.0,1.0
714,22.716694278805964,0.0,0.8461538461538461,0.0,0.9425139249983925
715,23.068509864209396,0.0,0.8461538461538461,0.0,0.9565865484145297
716,23.131121780785556,0.0,0.8461538461538461,0.0,0.9590910250775762
717,21.77589232326547,0.0,0.8571428571428571,0.0,0.9053214072163331
718,22.747716390045962,0.0,0.8571428571428571,0.0,0.9441943698875528
719,21.86942898877335,0.07692307692307693,0.9230769230769231,0.75,0.9282386980124725
720,22.124780041321085,0.23076923076923078,1.0,1.25,0.954606586268228
721,22.725308339228725,0.38461538461538464,1.0,1.25,0.9817046412614568
722,25.29851397954974,0.5384615384615384,1.0,1.25,1.0
723,25.73930593559475,0.6923076923076923,1.0,1.25,1.0
724,23.525615074896912,0.8461538461538461,1.0,1.25,1.0
725,23.84122710534555,1.0,1.0,1.25,1.0
726,24.14533850841167,1.1538461538461537,1.0,1.25,1.0
727,27.26919503463167,1.3076923076923077,1.0,1.25,1.0
728,23.952369081524427,1.2666666666666666,0.8666666666666667,1.25,1.0
729,24.29960922956086,1.4,0.8666666666666667,1.25,1.0
730,20.8628017613681,0.7333333333333333,0.8666666666666667,0.5,0.8938454037880573
731,21.0429893318986,0.8,0.8666666666666667,0.5,0.9023862399426107
732,21.345232785550486,0.9333333333333333,0.9333333333333333,1.25,0.9348093114220195
733,24.102873491675062,1.0666666666666667,0.9333333333333333,1.25,1.0
734,24.231756007646286,1.2,0.9333333333333333,1.25,1.0
735,25.108426662750155,1.3333333333333333,0.9333333333333333,1.25,1.0
736,22.933731946386995,1.4666666666666666,0.9333333333333333,1.25,1.0
737,26.244733594760003,1.6,0.9333333333333333,1.25,1.0
738,26.69826609303321,1.8666666666666667,1.0666666666666667,2.5,1.0
739,25.861291660659724,2.0,1.0625,2.5,1.0
740,26.389153491947994,2.25,1.0625,2.5,1.0
741,26.469834060307505,2.25,1.0625,1.75,1.0
742,26.347655628869667,0.6875,1.0625,0.75,1.0
743,26.756200743636455,0.8125,1.125,1.5,1.0
744,27.378543674052224,0.8823529411764706,1.0588235294117647,1.5,1.0
745,27.803451470711888,1.0,1.0588235294117647,1.5,1.0
746,28.238805138038032,1.1176470588235294,1.0588235294117647,1.5,1.0
747,29.049192565233277,1.3125,1.0625,1.5,1.0
748,27.270422574602733,0.375,1.0625,0.75,1.0
749,26.002293638523216,0.0,1.0,0.0,1.0
750,26.319294448967607,0.0,1.0,0.0,1.0
751,22.454822968405693,0.0,1.0,0.0,0.9381929187362279
752,22.713115667117236,0.058823529411764705,1.0588235294117647,0.75,0.9670540384493954
753,22.55629265645404,0.11764705882352941,1.0588235294117647,0.75,0.9619575886111029
754,31.850221948542305,0.17647058823529413,1.0588235294117647,0.75,1.0
755,31.822066907305807,0.23529411764705882,1.0588235294117647,0.75,1.0
756,28.9085193155075,0.29411764705882354,1.0588235294117647,0.75,1.0
757,30.685458716177635,0.35294117647058826,1.0588235294117647,0.75,1.0
758,30.965202678649543,0.4117647058823529,1.0588235294117647,0.75,1.0
759,31.375509024019465,0.47058823529411764,1.0588235294117647,0.75,1.0
760,25.76213822452307,0.47368421052631576,1.0,0.75,1.0
761,24.591439923836973,0.5789473684210527,1.0526315789473684,1.5,1.0
762,27.04742446023127,0.6842105263157895,1.0526315789473684,1.5,1.0
763,23.45171271806192,0.7894736842105263,1.0526315789473684,1.5,1.0
764,22.784506716901948,0.8947368421052632,1.0526315789473684,1.5,1.0
765,24.328607303480585,1.0,1.0526315789473684,1.5,1.0
766,25.28741780430896,1.1578947368421053,1.105263157894737,1.75,1.0
767,23.75343554213178,0.47368421052631576,1.105263157894737,1.0,1.0
768,24.360094647174407,0.5789473684210527,1.105263157894737,1.0,1.0
769,24.716149800501423,0.6842105263157895,1.105263157894737,1.0,1.0
770,23.829069199352993,0.75,1.1,1.0,1.0
771,19.916236001821684,0.0,1.105263157894737,0.0,0.8408599663886569
772,19.292538069537166,0.05263157894736842,1.1578947368421053,0.75,0.8340699438341184
773,21.599280966112502,0.10526315789473684,1.1578947368421053,0.75,0.9273922912760791
774,21.36721615786469,0.15789473684210525,1.1578947368421053,0.75,0.919162330525114
775,19.976577422884226,0.25,1.15,1.25,0.8750630969153691
776,22.397588536629183,0.3684210526315789,1.0526315789473684,1.25,0.9703772256756937
777,22.454101195985565,0.47368421052631576,1.0526315789473684,1.25,0.9747429952078437
778,22.83328794207182,0.631578947368421,1.105263157894737,2.0,1.0
779,23.42552336650356,0.7894736842105263,1.105263157894737,2.0,1.0
780,23.954838581693863,0.9473684210526315,1.105263157894737,2.0,1.0
781,23.224359659635894,1.1,1.1,2.5,1.0
782,23.58771676376054,1.3,1.1,2.5,1.0
783,23.96557798527582,1.55,1.15,3.25,1.0
784,24.35943819478897,1.8,1.15,3.25,1.0
785,24.792873822953432,2.05,1.15,3.25,1.0
786,23.929151955353046,0.95,1.15,2.0,1.0
787,20.715721215699045,0.6,1.15,1.25,0.9116288486279619
788,19.319600190574665,0.0,1.15,0.0,0.8187840076229866
789,22.066535126927427,0.0,1.1666666666666667,0.0,0.9293280717437638
790,28.860477342266385,0.0,1.1666666666666667,0.0,1.0
791,25.634481055813048,0.0,1.1578947368421053,0.0,1.0
792,26.04607817680394,0.0,1.1578947368421053,0.0,1.0
793,26.347204390129345,0.0,1.1176470588235294,0.0,1.0
794,26.71147802103257,0.0,1.1176470588235294,0.0,1.0
795,27.051892486525965,0.0,1.1176470588235294,0.0,1.0
796,29.12601472262066,0.0,1.1176470588235294,0.0,1.0
797,29.432533902426112,0.0,1.1176470588235294,0.0,1.0
798,30.911303758233704,0.0,1.1176470588235294,0.0,1.0
799,31.192971040530825,0.0,1.1176470588235294,0.0,1.0
