step,delay,waiting_time,stops,queue_length,road_rage
2,0.0,0.0,0.0,0.0,0.0
3,0.2283607598021304,0.0,0.0,0.0,0.009134430392085216
4,0.3538796672097648,0.0,0.5,0.0,0.0341551866883906
5,0.7616624347192505,0.0,0.3333333333333333,0.0,0.043799830722103354
6,0.4152944839681032,0.0,0.25,0.0,0.02661177935872413
7,1.0731869250993693,0.0,0.4,0.0,0.05892747700397478
8,1.4334556606422812,0.0,0.4,0.0,0.07333822642569125
9,1.0406268012032416,0.0,0.5714285714285714,0.0,0.06448221490527252
10,1.7281606525905755,0.0,0.5714285714285714,0.0,0.09198356896076587
11,2.107578132463549,0.0,0.625,0.0,0.10930312529854197
12,2.2540364511730737,0.0,0.6666666666666666,0.0,0.11682812471358962
13,2.6821225046131376,0.0,0.6666666666666666,0.0,0.13395156685119217
14,3.0897526647268605,0.0,0.6666666666666666,0.0,0.15025677325574108
15,2.998280638940509,0.0,0.6666666666666666,0.0,0.146597892224287
16,2.974729282520558,0.0,0.7,0.0,0.1469891713008223
17,2.8551146754821595,0.0,0.75,0.0,0.14420458701928637
18,2.728623771090548,0.0,0.75,0.0,0.13914495084362194
19,3.5503262758902663,0.0,0.7692307692307693,0.0,0.17278228180484143
20,3.90569277524616,0.0,0.7692307692307693,0.0,0.1869969417790772
21,3.891416620665048,0.0,0.7857142857142857,0.0,0.18708523625517337
22,3.930250523574965,0.0,0.8,0.2222222222222222,0.19365446538744308
23,4.039357144584896,0.0,0.8125,0.0,0.19407428578339583
24,3.441106566550659,0.0,0.8235294117647058,0.0,0.1705854391326146
25,3.5696277766239928,0.0,0.8235294117647058,0.0,0.17572628753554792
26,4.106827734147862,0.0,0.7777777777777778,0.0,0.19538422047702558
27,4.972433021014752,0.0,0.7777777777777778,0.0,0.2300084319517012
28,4.724250389131421,0.0,0.7894736842105263,0.0,0.22054896293367787
29,4.710864397714373,0.0,0.8,0.0,0.22043457590857493
30,5.495786503002361,0.0,0.8095238095238095,0.0,0.25221241250104687
31,5.611936573816283,0.0,0.8181818181818182,0.0,0.2572047356799241
32,6.032983979011278,0.0,0.8181818181818182,0.0,0.2740466318877239
33,5.927055743462316,0.043478260869565216,0.8695652173913043,0.2222222222222222,0.27717884809598053
34,5.761428836077888,0.08,0.88,0.2222222222222222,0.27170159788756
35,6.160932324104517,0.16,0.92,0.4444444444444444,0.2953261818530696
36,6.273777478172923,0.23076923076923078,0.9230769230769231,0.4444444444444444,0.30137844955426746
37,6.922990753819115,0.19230769230769232,0.9230769230769231,0.2222222222222222,0.3221333053664398
38,6.958082932344753,0.0,0.9259259259259259,0.0,0.31536035433082715
39,6.745957055852532,0.0,0.9310344827586207,0.0,0.3070796615444461
40,7.053018862471467,0.0,0.9310344827586207,0.0,0.31936213380920353
41,7.099448402762534,0.0,0.9,0.0,0.31997793611050135
42,6.863633670671934,0.0,0.9,0.0,0.31054534682687734
43,6.820401514796472,0.0,0.90625,0.0,0.30906606059185887
44,7.231232002129554,0.03125,0.9375,0.4444444444444444,0.3362631689740711
45,7.365062833658559,0.0625,0.9375,0.4444444444444444,0.3422414022352312
46,7.442023878626434,0.09375,0.90625,0.4444444444444444,0.3446948440339463
47,6.942047984442884,0.12121212121212122,0.9090909090909091,0.4444444444444444,0.32535868705448306
48,7.044273510824003,0.17647058823529413,0.9117647058823529,0.6666666666666666,0.3351042737662935
49,8.090913042208527,0.2647058823529412,0.9411764705882353,1.0,0.3865776981589294
50,7.832135890174719,0.34285714285714286,0.9428571428571428,1.0,0.3778568641784173
51,8.352090950975462,0.4166666666666667,0.9444444444444444,1.0,0.4001947491501297
52,8.679979947503476,0.5,0.9444444444444444,1.0,0.41497697567791686
53,8.595146971405812,0.5833333333333334,0.9444444444444444,1.0,0.413250323300677
54,9.140734581881311,0.6486486486486487,0.9459459459459459,1.0,0.43644019408606327
55,9.088880181914567,0.7368421052631579,0.9736842105263158,1.0,0.4372394178028985
56,8.961020095278622,0.75,0.95,1.0,0.4314408038111449
57,9.707265123492686,0.825,0.95,1.0,0.46279060493970753
58,10.207097379198698,0.8780487804878049,0.9512195121951219,1.0,0.483893651265509
59,10.875537929697972,0.9512195121951219,0.9512195121951219,1.0,0.5120946879196262
60,11.134193654328563,1.0,0.9534883720930233,1.0,0.5235072810568635
61,11.99911749490547,1.0930232558139534,0.9534883720930233,1.0,0.5599646997962188
62,11.888161843242118,0.7441860465116279,0.9534883720930233,0.5555555555555556,0.5396608406547493
63,11.932511404369409,0.7954545454545454,0.9545454545454546,0.5555555555555556,0.5425024763767965
64,12.527381450238845,0.9090909090909091,1.0,0.7777777777777778,0.5748326317469277
65,12.931997654905398,1.0,0.9777777777777777,0.7777777777777778,0.5919465728628827
66,12.047673745038201,0.7111111111111111,0.9777777777777777,0.4444444444444444,0.5441291720237502
67,12.16759531490947,0.782608695652174,0.9782608695652174,0.4444444444444444,0.5503753101809199
68,12.742067427087973,0.851063829787234,0.9574468085106383,0.4444444444444444,0.5738907349085781
69,13.380149516591494,0.8085106382978723,0.9574468085106383,0.4444444444444444,0.5985629546589317
70,12.8938068638326,0.8541666666666666,0.9375,0.4444444444444444,0.5792244967755261
71,14.316707439372601,0.9166666666666666,0.9375,0.4444444444444444,0.6373905197971262
72,14.822978780267388,0.94,0.92,0.4444444444444444,0.6574080400995845
73,14.854108640709011,0.9803921568627451,0.9215686274509803,0.4444444444444444,0.6595238227525435
74,14.95312660228911,1.0588235294117647,0.9411764705882353,0.6666666666666666,0.6702819268366623
75,14.350750606782253,1.1372549019607843,0.9411764705882353,0.6666666666666666,0.6477555144673685
76,15.347288800701692,1.18,0.96,0.4444444444444444,0.6847804409169566
77,14.045239800185154,1.1923076923076923,0.9615384615384616,0.6666666666666666,0.6374506176484318
78,14.114258494552953,0.8679245283018868,0.9622641509433962,0.4444444444444444,0.6293082852747806
79,15.394445740316852,0.9245283018867925,0.9811320754716981,0.7777777777777778,0.6890692342248333
80,15.379519456250614,0.9629629629629629,0.9629629629629629,0.6666666666666666,0.6862918893611357
81,14.984385403309641,1.0,0.9636363636363636,0.6666666666666666,0.6712542040111735
82,14.681007437877449,1.0535714285714286,0.9821428571428571,1.0,0.6675974403722409
83,16.251718089037073,1.1428571428571428,1.0,1.3333333333333333,0.7395925330852925
84,16.351969193362393,1.2105263157894737,0.9824561403508771,1.3333333333333333,0.7442542063309868
85,16.090114195975072,1.2542372881355932,0.9830508474576272,1.6666666666666667,0.7413446808333533
86,15.907385362286723,1.3389830508474576,0.9830508474576272,1.3333333333333333,0.7290637760733899
87,14.959694390367822,1.4166666666666667,1.0,1.3333333333333333,0.6933877756147129
88,16.483500439288832,1.1,1.0,1.1111111111111112,0.7435622397937757
89,15.60517585700908,1.1451612903225807,1.0,1.1111111111111112,0.7093324823090371
90,16.674468155953026,1.1428571428571428,1.0,1.1111111111111112,0.7520580913174862
91,16.98355551187459,1.0,1.0,0.8888888888888888,0.7571199982527616
92,17.200551025229693,1.0634920634920635,1.0,1.2222222222222223,0.7737363267234736
93,17.412425282464426,1.1428571428571428,1.0158730158730158,1.5555555555555556,0.7911001859017517
94,16.802718915180552,1.2,1.0307692307692307,1.8888888888888888,0.7751173036157691
95,16.543611782744502,0.8636363636363636,1.0303030303030303,1.2222222222222223,0.7446737642390733
96,17.363464839670698,0.8484848484848485,1.0303030303030303,0.8888888888888888,0.7704981895464239
97,18.39466661257758,0.8955223880597015,1.044776119402985,0.8888888888888888,0.8132659348181944
98,18.104430440732873,0.9117647058823529,1.0441176470588236,0.8888888888888888,0.8019549954070927
99,18.241281708766405,0.9565217391304348,1.0579710144927537,0.8888888888888888,0.8088783214907528
100,18.29832167317039,0.9857142857142858,1.0714285714285714,0.8888888888888888,0.8122820732760219
101,18.491086055678476,0.2714285714285714,1.0714285714285714,0.6666666666666666,0.8012624898461866
102,18.942313149283347,0.323943661971831,1.0704225352112675,0.6666666666666666,0.8203216339525546
103,18.455380659084067,0.3888888888888889,1.0833333333333333,0.6666666666666666,0.8026596708078071
104,17.78255855413141,0.3698630136986301,1.082191780821918,0.6666666666666666,0.775320607005439
105,17.86042404412579,0.4657534246575342,1.1232876712328768,1.5555555555555556,0.7997746482186083
106,17.177468369378452,0.5135135135135135,1.1216216216216217,1.5555555555555556,0.7733449810213844
107,17.439601944044778,0.6081081081081081,1.135135135135135,1.7777777777777777,0.7907072008849143
108,18.26813631050473,0.726027397260274,1.1506849315068493,2.111111111111111,0.833495619847891
109,18.39608156702972,0.8243243243243243,1.1486486486486487,2.111111111111111,0.8404979173358436
110,19.101606247717612,0.9594594594594594,1.1756756756756757,2.3333333333333335,0.8769471327915874
111,19.055450996424295,1.027027027027027,1.1756756756756757,2.111111111111111,0.8720078296467616
112,19.53403413170396,1.1066666666666667,1.1866666666666668,2.111111111111111,0.8931835874903807
113,19.531148648596627,0.92,1.1866666666666668,1.7777777777777777,0.8826681681660874
114,18.420235032532307,0.5263157894736842,1.1842105263157894,1.2222222222222223,0.8191485825878422
115,20.896417320189606,0.42857142857142855,1.1818181818181819,0.8888888888888888,0.9094786264295178
116,21.048935911031155,0.15384615384615385,1.1666666666666667,0.5555555555555556,0.902812137295947
117,20.716724501233223,0.17721518987341772,1.1645569620253164,0.7777777777777778,0.8943511178833655
118,20.768049899268814,0.20253164556962025,1.1645569620253164,0.7777777777777778,0.8969104629187132
119,22.126881752484312,0.2345679012345679,1.1481481481481481,0.7777777777777778,0.9512481096055454
120,21.47792966833781,0.2716049382716049,1.1728395061728396,1.1111111111111112,0.9336850879680804
121,22.24947914280258,0.34146341463414637,1.1951219512195121,2.0,0.9846133120535667
122,22.72348408999864,0.40963855421686746,1.180722891566265,2.0,1.0
123,21.882819683237447,0.4523809523809524,1.2023809523809523,2.2222222222222223,0.9769000889167996
124,21.886211797376816,0.5294117647058824,1.2,2.2222222222222223,0.9784811516336349
125,23.362346817576636,0.6352941176470588,1.223529411764706,2.7777777777777777,1.0
126,23.195368693416594,0.7647058823529411,1.2352941176470589,3.5555555555555554,1.0
127,23.880192018145973,0.9047619047619048,1.2380952380952381,3.5555555555555554,1.0
128,24.58709998264667,1.0588235294117647,1.2588235294117647,4.777777777777778,1.0
129,24.435216092038083,1.25,1.2738095238095237,4.888888888888889,1.0
130,24.848456354157765,1.4285714285714286,1.2738095238095237,4.888888888888889,1.0
131,25.08451946822658,1.611764705882353,1.2941176470588236,5.444444444444445,1.0
132,25.02763716050324,1.8235294117647058,1.2823529411764707,5.777777777777778,1.0
133,24.468955596466515,1.627906976744186,1.2790697674418605,4.777777777777778,1.0
134,24.259563776068852,1.6666666666666667,1.3103448275862069,5.0,1.0
135,25.01063943789579,1.8352941176470587,1.3411764705882352,4.666666666666667,1.0
136,24.187261945906254,1.9655172413793103,1.3333333333333333,4.666666666666667,1.0
137,25.30801595597484,2.160919540229885,1.3448275862068966,4.888888888888889,1.0
138,24.948883692246227,2.340909090909091,1.3522727272727273,5.333333333333333,1.0
139,25.06231641962337,2.5280898876404496,1.3595505617977528,5.333333333333333,1.0
140,24.61065305994828,2.7111111111111112,1.3555555555555556,5.333333333333333,1.0
141,25.12434997464954,2.89010989010989,1.3516483516483517,5.333333333333333,1.0
142,24.826511307857583,3.1333333333333333,1.3333333333333333,5.333333333333333,1.0
143,25.26077848133879,2.7032967032967035,1.3516483516483517,4.888888888888889,1.0
144,24.725173330454677,2.7333333333333334,1.3444444444444446,4.444444444444445,1.0
145,26.062879783674216,2.901098901098901,1.3406593406593406,4.555555555555555,1.0
146,25.86165008179895,2.282608695652174,1.3478260869565217,4.0,1.0
147,26.651923598488512,2.2065217391304346,1.3478260869565217,3.7777777777777777,1.0
148,26.70669505916998,1.8494623655913978,1.3440860215053763,3.3333333333333335,1.0
149,26.822787722479077,1.9680851063829787,1.351063829787234,3.0,1.0
150,26.96520150447814,2.0842105263157893,1.3368421052631578,3.0,1.0
151,27.07990603545052,2.1979166666666665,1.3333333333333333,3.0,1.0
152,27.867761070568594,2.15625,1.3541666666666667,3.3333333333333335,1.0
153,27.826117756446074,2.1649484536082473,1.3608247422680413,3.2222222222222223,1.0
154,28.308267832142416,2.2989690721649483,1.3608247422680413,3.2222222222222223,1.0
155,27.8570288906168,2.4081632653061225,1.346938775510204,3.2222222222222223,1.0
156,27.74286365792967,2.5510204081632653,1.316326530612245,3.6666666666666665,1.0
157,28.69646003794822,2.6666666666666665,1.3131313131313131,3.6666666666666665,1.0
158,28.52755769791548,2.73,1.32,4.0,1.0
159,28.6742387151852,2.88,1.32,4.0,1.0
160,29.89105962146436,2.742574257425743,1.3267326732673268,3.888888888888889,1.0
161,29.308168357740264,2.854368932038835,1.3300970873786409,4.111111111111111,1.0
162,29.916578920403268,3.029126213592233,1.3398058252427185,4.444444444444445,1.0
163,29.731755265200096,3.173076923076923,1.3365384615384615,4.444444444444445,1.0
164,30.11033099298281,3.355769230769231,1.3461538461538463,4.666666666666667,1.0
165,30.450156720060882,3.3846153846153846,1.3557692307692308,4.888888888888889,1.0
166,30.106856585898274,2.769230769230769,1.375,4.555555555555555,1.0
167,30.54186953915721,2.7142857142857144,1.3904761904761904,4.555555555555555,1.0
168,30.989838196146454,2.8679245283018866,1.3867924528301887,4.888888888888889,1.0
169,31.482756228413194,3.0761904761904764,1.3904761904761904,4.888888888888889,1.0
170,31.01398383960872,3.2666666666666666,1.3523809523809525,4.888888888888889,1.0
171,31.468801360221036,3.5,1.3557692307692308,5.111111111111111,1.0
172,30.671868552890462,3.480769230769231,1.3461538461538463,4.777777777777778,1.0
173,31.552784089586584,3.5428571428571427,1.3523809523809525,4.777777777777778,1.0
174,31.859291070460234,3.6666666666666665,1.3523809523809525,4.777777777777778,1.0
175,32.294446847965354,3.676190476190476,1.361904761904762,4.555555555555555,1.0
176,32.731151040271826,3.8095238095238093,1.3714285714285714,4.888888888888889,1.0
177,32.13342159297851,3.3679245283018866,1.3679245283018868,4.0,1.0
178,31.08291361743338,2.7196261682242993,1.3644859813084111,2.3333333333333335,1.0
179,32.010903891306135,2.5046728971962615,1.3738317757009346,1.5555555555555556,1.0
180,32.42442096276644,2.5277777777777777,1.3611111111111112,1.5555555555555556,1.0
181,32.44627031662705,2.611111111111111,1.3796296296296295,2.111111111111111,1.0
182,31.813867321094197,2.669724770642202,1.3761467889908257,2.111111111111111,1.0
183,32.55322130568007,2.761467889908257,1.385321100917431,2.111111111111111,1.0
184,31.76172709115521,2.8623853211009176,1.3944954128440368,2.3333333333333335,1.0
185,31.389190543425933,2.9454545454545453,1.4,2.5555555555555554,1.0
186,32.72085435100836,3.0825688073394497,1.4036697247706422,2.5555555555555554,1.0
187,32.48977123068384,3.2110091743119265,1.4220183486238531,2.7777777777777777,1.0
188,32.9150530451043,3.2477064220183487,1.4220183486238531,2.6666666666666665,1.0
189,31.703589319455602,3.330275229357798,1.4403669724770642,3.4444444444444446,1.0
190,32.768580406994445,3.477064220183486,1.4403669724770642,3.4444444444444446,1.0
191,32.74018957020317,3.675925925925926,1.4537037037037037,3.4444444444444446,1.0
192,33.14233773938616,3.8073394495412844,1.4495412844036697,3.4444444444444446,1.0
193,33.457536775068355,4.05607476635514,1.4579439252336448,3.6666666666666665,1.0
194,33.67007044063582,4.175925925925926,1.462962962962963,4.333333333333333,1.0
195,33.04415047126845,4.10091743119266,1.4678899082568808,4.0,1.0
196,33.93928374153441,4.220183486238532,1.4862385321100917,3.7777777777777777,1.0
197,33.148796107794,3.9909090909090907,1.490909090909091,3.2222222222222223,1.0
198,32.408079751511764,3.8181818181818183,1.509090909090909,3.2222222222222223,1.0
199,32.50169467728828,3.7818181818181817,1.509090909090909,3.2222222222222223,1.0
200,32.9258889619522,3.8125,1.5178571428571428,3.4444444444444446,1.0
201,33.1756683143346,3.9107142857142856,1.5446428571428572,3.4444444444444446,1.0
202,34.56854804519446,4.081081081081081,1.5585585585585586,3.6666666666666665,1.0
203,34.88423719868507,4.142857142857143,1.5625,3.5555555555555554,1.0
204,35.270010109839156,4.184210526315789,1.5526315789473684,3.888888888888889,1.0
205,35.424710657297794,4.28695652173913,1.5478260869565217,3.5555555555555554,1.0
206,35.8916558822149,4.464912280701754,1.5350877192982457,3.5555555555555554,1.0
207,36.592278166211585,4.339130434782609,1.5304347826086957,3.6666666666666665,1.0
208,36.65471827728145,4.275862068965517,1.543103448275862,3.4444444444444446,1.0
209,36.28726637547689,4.282051282051282,1.547008547008547,3.3333333333333335,1.0
210,36.977423818522105,4.427350427350428,1.5555555555555556,3.3333333333333335,1.0
211,36.749973702843796,4.5423728813559325,1.5508474576271187,3.3333333333333335,1.0
212,34.50931656437604,4.711864406779661,1.5423728813559323,3.3333333333333335,1.0
213,35.22362154905121,5.0,1.5689655172413792,4.0,1.0
214,36.23157273102255,5.170940170940171,1.5726495726495726,4.0,1.0
215,35.919006979431465,5.3559322033898304,1.5932203389830508,4.0,1.0
216,36.479469908311344,5.601694915254237,1.6101694915254237,4.555555555555555,1.0
217,36.11310508172723,5.798319327731092,1.6050420168067228,5.0,1.0
218,35.992407301025075,6.059322033898305,1.576271186440678,4.555555555555555,1.0
219,35.26042725075455,6.110169491525424,1.5932203389830508,4.777777777777778,1.0
220,36.900590162136474,6.3760683760683765,1.6153846153846154,4.555555555555555,1.0
221,34.89217664250445,5.864406779661017,1.6101694915254237,3.7777777777777777,1.0
222,34.757720411216845,5.8559322033898304,1.6016949152542372,3.7777777777777777,1.0
223,35.1479458564214,5.8559322033898304,1.6101694915254237,3.5555555555555554,1.0
224,34.74893799011032,5.888888888888889,1.606837606837607,3.4444444444444446,1.0
225,34.922326323287315,5.923728813559322,1.6016949152542372,3.3333333333333335,1.0
226,34.22266915199654,5.983193277310924,1.6050420168067228,3.2222222222222223,1.0
227,33.40731499637213,6.170940170940171,1.623931623931624,2.888888888888889,1.0
228,35.75600725894716,6.313559322033898,1.6271186440677967,2.888888888888889,1.0
229,36.22419658409197,6.46218487394958,1.6218487394957983,2.888888888888889,1.0
230,36.14405457862188,6.836206896551724,1.6379310344827587,2.888888888888889,1.0
231,36.91339686107402,6.888888888888889,1.641025641025641,2.888888888888889,1.0
232,36.610954894221464,6.974137931034483,1.6379310344827587,3.4444444444444446,1.0
233,36.21615900316289,6.88135593220339,1.61864406779661,3.4444444444444446,1.0
234,36.7129103838579,6.923728813559322,1.6271186440677967,3.6666666666666665,1.0
235,37.469791542666314,7.161016949152542,1.6610169491525424,4.444444444444445,1.0
236,38.23383767200431,7.591304347826087,1.6608695652173913,4.444444444444445,1.0
237,39.09150826945146,7.147826086956521,1.6695652173913043,4.777777777777778,1.0
238,39.57409200388458,6.565217391304348,1.6782608695652175,4.555555555555555,1.0
239,38.928256797015635,6.2,1.6869565217391305,4.555555555555555,1.0
240,38.9427416036475,6.139130434782609,1.6869565217391305,4.555555555555555,1.0
241,40.37073717175289,6.008620689655173,1.6896551724137931,4.222222222222222,1.0
242,41.017652181635526,6.017543859649122,1.7017543859649122,4.333333333333333,1.0
243,39.53767795199386,6.175438596491228,1.6929824561403508,4.666666666666667,1.0
244,40.71145025041708,5.93859649122807,1.6842105263157894,4.222222222222222,1.0
245,42.71840348675711,5.973684210526316,1.6929824561403508,4.333333333333333,1.0
246,43.803565440445425,6.12280701754386,1.6842105263157894,4.333333333333333,1.0
247,44.496056249176014,6.088495575221239,1.6991150442477876,3.7777777777777777,1.0
248,44.84375266666655,6.0265486725663715,1.6902654867256637,3.2222222222222223,1.0
249,45.51034428277555,6.15929203539823,1.7079646017699115,3.5555555555555554,1.0
250,43.95250567462487,6.129310344827586,1.706896551724138,4.111111111111111,1.0
251,44.13181482695717,6.222222222222222,1.7008547008547008,4.111111111111111,1.0
252,45.33174952538723,6.367521367521367,1.7008547008547008,4.111111111111111,1.0
253,46.50399025166264,6.568965517241379,1.6896551724137931,4.111111111111111,1.0
254,46.24201631001397,5.275862068965517,1.6982758620689655,3.5555555555555554,1.0
255,45.42513990445606,4.111111111111111,1.6752136752136753,2.888888888888889,1.0
256,45.465978010594405,3.060344827586207,1.6551724137931034,2.5555555555555554,1.0
257,44.95192638325275,2.1491228070175437,1.6578947368421053,2.5555555555555554,1.0
258,44.32153094148773,2.254385964912281,1.631578947368421,2.5555555555555554,1.0
259,42.512750967785564,2.3596491228070176,1.6228070175438596,2.5555555555555554,1.0
260,41.18775460747116,2.206896551724138,1.6379310344827587,2.5555555555555554,1.0
261,42.154943869458954,2.3333333333333335,1.6666666666666667,3.4444444444444446,1.0
262,44.28924435866863,2.396551724137931,1.6724137931034482,3.4444444444444446,1.0
263,43.03626208525601,2.2735042735042734,1.6752136752136753,3.5555555555555554,1.0
264,43.59434392396631,2.427350427350427,1.6923076923076923,3.6666666666666665,1.0
265,44.8817108473049,2.5811965811965814,1.6837606837606838,3.5555555555555554,1.0
266,42.8658960263838,2.1551724137931036,1.6637931034482758,2.7777777777777777,1.0
267,42.61750925131114,2.1826086956521737,1.6695652173913043,2.5555555555555554,1.0
268,43.644934816464044,2.1652173913043478,1.6782608695652175,2.2222222222222223,1.0
269,44.076694645050544,2.236842105263158,1.7017543859649122,2.4444444444444446,1.0
270,44.23065294680403,2.3157894736842106,1.7017543859649122,2.7777777777777777,1.0
271,42.75152042554286,2.3125,1.6607142857142858,2.3333333333333335,1.0
272,40.545523339528046,2.336283185840708,1.6460176991150441,2.2222222222222223,1.0
273,40.883555454601776,2.3421052631578947,1.6491228070175439,2.3333333333333335,1.0
274,40.902983707743886,2.4513274336283186,1.6460176991150441,2.3333333333333335,1.0
275,41.57990668985321,2.584070796460177,1.6725663716814159,2.5555555555555554,1.0
276,43.12261664924675,2.601769911504425,1.6725663716814159,2.5555555555555554,1.0
277,43.59425223242749,2.7079646017699117,1.6902654867256637,3.111111111111111,1.0
278,43.54983787073402,2.765217391304348,1.6782608695652175,3.4444444444444446,1.0
279,43.09076189218819,2.747826086956522,1.7130434782608697,4.333333333333333,1.0
280,41.34945689447056,1.6923076923076923,1.7008547008547008,3.888888888888889,1.0
281,43.53068497905025,1.8034188034188035,1.7094017094017093,3.888888888888889,1.0
282,44.693151047450556,1.9401709401709402,1.7179487179487178,4.222222222222222,1.0
283,43.36371629642839,2.0948275862068964,1.6982758620689655,4.222222222222222,1.0
284,44.31705845132806,2.2586206896551726,1.7241379310344827,4.777777777777778,1.0
285,43.73055822889971,2.41025641025641,1.7264957264957266,5.0,1.0
286,44.121111280277724,2.58974358974359,1.735042735042735,5.0,1.0
287,44.19792175662933,2.5811965811965814,1.735042735042735,4.666666666666667,1.0
288,44.51442702710328,2.5811965811965814,1.735042735042735,4.444444444444445,1.0
289,44.49815920751512,2.672268907563025,1.7394957983193278,4.888888888888889,1.0
290,44.859441352016475,2.816666666666667,1.7416666666666667,5.555555555555555,1.0
291,45.17987278536662,2.9833333333333334,1.7416666666666667,5.111111111111111,1.0
292,43.62374824562647,3.12396694214876,1.7355371900826446,5.111111111111111,1.0
293,44.88932197694032,3.2892561983471076,1.7355371900826446,5.111111111111111,1.0
294,44.88484717910841,3.4262295081967213,1.721311475409836,5.111111111111111,1.0
295,46.18783425281667,3.6065573770491803,1.7377049180327868,5.666666666666667,1.0
296,46.798494895685074,2.9836065573770494,1.7622950819672132,5.333333333333333,1.0
297,46.039526765977364,2.725806451612903,1.75,4.888888888888889,1.0
298,46.457364719042744,2.8360655737704916,1.7704918032786885,5.0,1.0
299,46.30801699774612,2.2333333333333334,1.75,3.4444444444444446,1.0
300,48.19952093339333,2.282051282051282,1.7521367521367521,2.888888888888889,1.0
301,48.022036202762756,1.815126050420168,1.7563025210084033,3.111111111111111,1.0
302,48.05346776624294,1.6333333333333333,1.7583333333333333,3.111111111111111,1.0
303,47.950333137383346,1.525,1.7666666666666666,2.7777777777777777,1.0
304,47.092664227874344,1.546218487394958,1.773109243697479,3.0,1.0
305,46.60134250208578,1.6083333333333334,1.775,3.3333333333333335,1.0
306,47.50900948185665,1.73109243697479,1.7899159663865547,3.3333333333333335,1.0
307,48.5410382697179,1.825,1.775,3.3333333333333335,1.0
308,48.88857134609335,1.949579831932773,1.7647058823529411,3.3333333333333335,1.0
309,46.39385731347088,1.775,1.7666666666666666,2.7777777777777777,1.0
310,47.03933899901858,1.8016528925619835,1.7603305785123966,2.6666666666666665,1.0
311,46.250715289954215,1.9008264462809918,1.7685950413223142,2.888888888888889,1.0
312,46.03164696009518,2.0,1.7685950413223142,2.888888888888889,1.0
313,47.43321798823758,2.0991735537190084,1.7685950413223142,2.888888888888889,1.0
314,44.81361408118917,2.231404958677686,1.7851239669421488,3.888888888888889,1.0
315,44.769098971109074,2.3833333333333333,1.7666666666666666,3.888888888888889,1.0
316,42.98854898822413,2.4583333333333335,1.7833333333333334,4.888888888888889,1.0
317,43.44522070616372,2.65,1.8083333333333333,5.666666666666667,1.0
318,44.472336455502436,2.7457627118644066,1.8389830508474576,5.111111111111111,1.0
319,42.5244171862879,2.6837606837606836,1.8205128205128205,4.333333333333333,1.0
320,41.04893176652942,2.8260869565217392,1.791304347826087,3.888888888888889,1.0
321,43.29021074399636,2.9478260869565216,1.791304347826087,3.6666666666666665,1.0
322,42.247691159329335,2.869565217391304,1.7478260869565216,3.2222222222222223,1.0
323,43.03263336164859,2.9649122807017543,1.7456140350877194,3.0,1.0
324,42.011266163161,3.0695652173913044,1.7478260869565216,3.0,1.0
325,41.526340748588105,3.2,1.7478260869565216,3.0,1.0
326,43.86267139200998,3.3304347826086955,1.7304347826086957,3.0,1.0
327,43.63803500909081,2.5042735042735043,1.7179487179487178,2.7777777777777777,1.0
328,44.24548530854184,1.3879310344827587,1.7327586206896552,2.0,1.0
329,44.61874026790774,0.8717948717948718,1.7179487179487178,1.3333333333333333,1.0
330,44.826943732765024,0.6324786324786325,1.7179487179487178,1.3333333333333333,1.0
331,44.8895148953706,0.46218487394957986,1.7394957983193278,1.6666666666666667,1.0
332,45.572314824836354,0.5338983050847458,1.728813559322034,2.0,1.0
333,46.90512445314925,0.6068376068376068,1.7264957264957266,2.0,1.0
334,46.939116532720654,0.6837606837606838,1.735042735042735,2.3333333333333335,1.0
335,49.06783147891761,0.7777777777777778,1.735042735042735,2.888888888888889,1.0
336,49.14144616691954,0.8803418803418803,1.735042735042735,3.2222222222222223,1.0
337,49.59236708883048,1.0085470085470085,1.7606837606837606,4.111111111111111,1.0
338,49.453570457318385,0.9401709401709402,1.7863247863247864,4.333333333333333,1.0
339,48.86567204371831,1.0672268907563025,1.773109243697479,4.666666666666667,1.0
340,49.6539328578185,1.2436974789915967,1.8067226890756303,5.666666666666667,1.0
341,48.91383983215663,1.4285714285714286,1.8067226890756303,6.0,1.0
342,49.843277702947034,1.6355932203389831,1.805084745762712,6.111111111111111,1.0
343,48.902505820105546,1.7033898305084745,1.805084745762712,6.111111111111111,1.0
344,47.55389677591658,1.8739495798319328,1.8067226890756303,6.444444444444445,1.0
345,49.54605434702355,2.0416666666666665,1.8,6.444444444444445,1.0
346,49.956886348032555,2.225,1.7916666666666667,6.444444444444445,1.0
347,50.02117721609881,2.436974789915966,1.7899159663865547,6.666666666666667,1.0
348,49.33434639393235,2.1186440677966103,1.7966101694915255,6.0,1.0
349,50.19258507874007,1.7796610169491525,1.7966101694915255,5.0,1.0
350,50.045923107292694,1.847457627118644,1.805084745762712,4.666666666666667,1.0
351,48.8364475907714,1.652542372881356,1.7966101694915255,3.6666666666666665,1.0
352,49.700956582631115,1.495798319327731,1.7983193277310925,3.111111111111111,1.0
353,48.29567657350052,1.4873949579831933,1.7983193277310925,2.888888888888889,1.0
354,49.24006079045292,1.4661016949152543,1.8135593220338984,3.5555555555555554,1.0
355,49.35383580748927,1.4322033898305084,1.8220338983050848,3.4444444444444446,1.0
356,48.13503476445448,1.5210084033613445,1.781512605042017,3.111111111111111,1.0
357,48.30669257407837,1.625,1.775,3.111111111111111,1.0
358,48.43526053036933,1.7416666666666667,1.7833333333333334,3.111111111111111,1.0
359,48.99271004774082,1.8823529411764706,1.781512605042017,3.3333333333333335,1.0
360,48.345462306363885,2.0083333333333333,1.7916666666666667,3.7777777777777777,1.0
361,48.019868253413776,2.15,1.7666666666666666,4.111111111111111,1.0
362,46.3274711437788,2.3559322033898304,1.7542372881355932,4.555555555555555,1.0
363,46.50869448305922,2.5210084033613445,1.7563025210084033,5.0,1.0
364,45.445712907435556,2.3504273504273505,1.7692307692307692,4.333333333333333,1.0
365,46.446627693739146,2.206896551724138,1.75,3.4444444444444446,1.0
366,46.11889515165316,2.3189655172413794,1.75,3.4444444444444446,1.0
367,44.70423249305499,2.130434782608696,1.7652173913043478,3.0,1.0
368,44.71847969187682,1.9482758620689655,1.7586206896551724,2.5555555555555554,1.0
369,46.64148398304329,2.0172413793103448,1.7672413793103448,2.888888888888889,1.0
370,46.49685399222939,2.1206896551724137,1.7586206896551724,2.7777777777777777,1.0
371,45.37016020890647,1.5862068965517242,1.7672413793103448,2.3333333333333335,1.0
372,44.68087197031225,1.393162393162393,1.7692307692307692,2.4444444444444446,1.0
373,45.29551665971304,1.1779661016949152,1.7542372881355932,2.2222222222222223,1.0
374,47.18212659657299,1.3017241379310345,1.7758620689655173,2.2222222222222223,1.0
375,46.89293266545691,1.3675213675213675,1.7692307692307692,2.5555555555555554,1.0
376,46.874230314820984,1.3504273504273505,1.794871794871795,3.3333333333333335,1.0
377,46.08446046202488,1.4621848739495797,1.7983193277310925,3.888888888888889,1.0
378,46.722458866941665,1.596638655462185,1.7983193277310925,3.888888888888889,1.0
379,47.47881083523528,1.7394957983193278,1.8067226890756303,4.222222222222222,1.0
380,46.670585155600605,1.8833333333333333,1.8166666666666667,4.666666666666667,1.0
381,47.30590976073791,2.058333333333333,1.8333333333333333,4.888888888888889,1.0
382,46.924761160993974,2.2148760330578514,1.7933884297520661,4.888888888888889,1.0
383,46.868110582093045,2.0327868852459017,1.7868852459016393,4.444444444444445,1.0
384,47.56209989216083,2.1147540983606556,1.8032786885245902,4.666666666666667,1.0
385,47.34577344610033,2.2704918032786887,1.7868852459016393,4.666666666666667,1.0
386,46.386613832105496,2.0569105691056913,1.7967479674796747,4.333333333333333,1.0
387,45.324488314879915,2.1048387096774195,1.8225806451612903,4.222222222222222,1.0
388,47.85449001204543,2.24,1.808,3.888888888888889,1.0
389,47.14976703339288,2.4193548387096775,1.846774193548387,4.111111111111111,1.0
390,47.644320540303184,2.484126984126984,1.8412698412698412,4.111111111111111,1.0
391,49.82579935932527,2.7154471544715446,1.8617886178861789,4.333333333333333,1.0
392,49.1357749844783,2.870967741935484,1.8548387096774193,4.777777777777778,1.0
393,50.798165226828694,3.1065573770491803,1.8360655737704918,5.0,1.0
394,50.4276208260488,2.926829268292683,1.829268292682927,5.111111111111111,1.0
395,50.32398001050972,3.041322314049587,1.8429752066115703,5.333333333333333,1.0
396,50.759282708719496,3.1666666666666665,1.85,5.111111111111111,1.0
397,50.29373884812901,3.225,1.8416666666666666,5.0,1.0
398,50.98393594145178,3.425,1.8666666666666667,5.555555555555555,1.0
399,50.06556067636932,3.680672268907563,1.865546218487395,5.888888888888889,1.0
400,50.4924163872345,3.680672268907563,1.8823529411764706,6.0,1.0
401,52.844273562780664,3.9237288135593222,1.8728813559322033,5.777777777777778,1.0
402,53.34802579460006,4.117647058823529,1.8739495798319328,5.777777777777778,1.0
403,51.741782286036766,3.8264462809917354,1.859504132231405,4.666666666666667,1.0
404,52.938646858415105,3.8595041322314048,1.884297520661157,4.222222222222222,1.0
405,53.552209199224556,3.4836065573770494,1.8770491803278688,3.111111111111111,1.0
406,51.95993214508345,3.3934426229508197,1.8770491803278688,2.7777777777777777,1.0
407,50.12946375669702,3.355371900826446,1.8677685950413223,2.7777777777777777,1.0
408,49.36806893610828,2.9669421487603307,1.8677685950413223,2.3333333333333335,1.0
409,49.4615116652751,2.8442622950819674,1.860655737704918,2.111111111111111,1.0
410,48.99960923235202,2.682926829268293,1.853658536585366,2.4444444444444446,1.0
411,49.80092136357265,2.721311475409836,1.819672131147541,2.4444444444444446,1.0
412,47.58065689026641,2.8048780487804876,1.8211382113821137,2.888888888888889,1.0
413,48.9742037434676,2.910569105691057,1.8211382113821137,2.7777777777777777,1.0
414,50.65070198191359,3.0826446280991737,1.834710743801653,3.0,1.0
415,49.98902936563681,3.2857142857142856,1.865546218487395,3.7777777777777777,1.0
416,49.25066914253227,3.425,1.875,4.444444444444445,1.0
417,46.52813593055433,3.591666666666667,1.8416666666666666,4.444444444444445,1.0
418,48.049240413906915,3.830508474576271,1.8644067796610169,4.444444444444445,1.0
419,47.98437413878733,3.906779661016949,1.8644067796610169,4.444444444444445,1.0
420,45.867347005365374,4.0588235294117645,1.865546218487395,4.666666666666667,1.0
421,47.07848388989161,4.296610169491525,1.8728813559322033,4.666666666666667,1.0
422,46.969981109955505,4.586206896551724,1.9137931034482758,5.111111111111111,1.0
423,46.15703250890932,4.852173913043479,1.8869565217391304,5.111111111111111,1.0
424,45.24613763926086,5.0344827586206895,1.8620689655172413,5.444444444444445,1.0
425,46.14100830916173,5.267241379310345,1.8706896551724137,5.555555555555555,1.0
426,46.45273953947577,5.508620689655173,1.8793103448275863,5.777777777777778,1.0
427,45.83575591558112,5.410256410256411,1.8717948717948718,5.111111111111111,1.0
428,46.339388141648854,5.367521367521367,1.8803418803418803,4.666666666666667,1.0
429,46.70699931144257,5.277310924369748,1.8823529411764706,4.888888888888889,1.0
430,47.129999688624096,5.310924369747899,1.9075630252100841,5.333333333333333,1.0
431,46.13194660233682,5.369747899159663,1.9243697478991597,5.888888888888889,1.0
432,47.20003320843361,5.635593220338983,1.9152542372881356,5.888888888888889,1.0
433,46.2809257132438,5.2100840336134455,1.9075630252100841,5.111111111111111,1.0
434,45.240194982236325,4.950413223140496,1.8925619834710743,4.666666666666667,1.0
435,47.21228545288225,4.708333333333333,1.8916666666666666,4.444444444444445,1.0
436,47.01526614926315,4.841666666666667,1.875,5.0,1.0
437,45.952780057449715,5.008264462809917,1.8925619834710743,5.444444444444445,1.0
438,46.478909568310755,5.239669421487603,1.9090909090909092,5.555555555555555,1.0
439,47.124446689413695,5.471074380165289,1.8925619834710743,5.555555555555555,1.0
440,47.603981375309836,5.75,1.8666666666666667,5.555555555555555,1.0
441,48.40687237570401,5.9421487603305785,1.8677685950413223,5.555555555555555,1.0
442,48.28810137973922,6.302521008403361,1.8571428571428572,5.777777777777778,1.0
443,48.81846380193289,6.579831932773109,1.8739495798319328,6.111111111111111,1.0
444,49.56850587252347,6.857142857142857,1.8739495798319328,6.111111111111111,1.0
445,49.61592956649564,7.0,1.8833333333333333,6.444444444444445,1.0
446,51.37488818418508,6.549180327868853,1.8688524590163935,5.666666666666667,1.0
447,52.28377433929123,6.655737704918033,1.8852459016393444,5.777777777777778,1.0
448,52.90075796745799,6.455284552845528,1.9024390243902438,5.444444444444445,1.0
449,53.690704531495264,6.532258064516129,1.8870967741935485,5.222222222222222,1.0
450,52.398118989538254,6.869918699186992,1.8943089430894309,5.555555555555555,1.0
451,52.39559398894276,7.104838709677419,1.8951612903225807,5.555555555555555,1.0
452,53.17532947249159,7.403225806451613,1.903225806451613,5.888888888888889,1.0
453,53.77546714536966,7.648,1.896,5.888888888888889,1.0
454,54.51437503634055,8.089430894308943,1.8943089430894309,6.111111111111111,1.0
455,55.219565651540954,8.113821138211382,1.8943089430894309,5.333333333333333,1.0
456,53.360494724728646,8.274193548387096,1.8790322580645162,5.0,1.0
457,53.109391306656406,8.338709677419354,1.8870967741935485,4.666666666666667,1.0
458,53.42881365187635,8.376,1.88,4.666666666666667,1.0
459,53.9722171539866,7.032,1.88,3.888888888888889,1.0
460,53.40621313915886,6.055555555555555,1.873015873015873,3.4444444444444446,1.0
461,54.31147468538299,5.256,1.872,3.2222222222222223,1.0
462,55.27266075272952,4.464,1.84,3.0,1.0
463,54.38269162473304,3.7301587301587302,1.8333333333333333,2.7777777777777777,1.0
464,54.13687522261747,3.08,1.84,2.5555555555555554,1.0
465,54.806463515019,2.7936507936507935,1.8412698412698412,2.3333333333333335,1.0
466,52.28642098200214,2.220472440944882,1.8267716535433072,2.5555555555555554,1.0
467,52.06136620049225,1.9448818897637796,1.8346456692913387,2.111111111111111,1.0
468,50.863760770608906,1.78125,1.8359375,2.0,1.0
469,50.453575556895515,1.7109375,1.84375,2.0,1.0
470,50.15356076285457,1.806201550387597,1.8449612403100775,2.2222222222222223,1.0
471,49.40074148030648,1.9453125,1.84375,2.7777777777777777,1.0
472,50.710136584399386,2.078125,1.8515625,3.0,1.0
473,50.89277483667625,2.2440944881889764,1.8661417322834646,3.0,1.0
474,50.6772279487965,2.393700787401575,1.8661417322834646,3.0,1.0
475,51.72718951934279,2.5546875,1.875,3.4444444444444446,1.0
476,52.07314124867159,2.75,1.890625,3.7777777777777777,1.0
477,51.56641874673553,2.953488372093023,1.9069767441860466,4.444444444444445,1.0
478,51.93152557187258,3.0393700787401574,1.9133858267716535,4.222222222222222,1.0
479,51.159069204565945,3.21875,1.9140625,3.888888888888889,1.0
480,51.981911963623965,3.4765625,1.9453125,4.444444444444445,1.0
481,52.48275862714005,3.703125,1.9453125,4.444444444444445,1.0
482,51.75286343883536,3.9224806201550386,1.930232558139535,4.444444444444445,1.0
483,52.03426171655063,4.076923076923077,1.9538461538461538,5.0,1.0
484,52.10965273460094,4.403100775193798,1.9612403100775193,5.555555555555555,1.0
485,52.27073658565904,4.676923076923077,1.9615384615384615,6.0,1.0
486,52.50264647853076,4.844961240310077,1.9612403100775193,6.0,1.0
487,52.207831642489445,4.976923076923077,1.9615384615384615,5.555555555555555,1.0
488,51.711001248453364,4.575757575757576,1.9545454545454546,5.0,1.0
489,51.77638629958551,4.641221374045801,1.9618320610687023,4.666666666666667,1.0
490,51.08034101100197,4.803030303030303,1.9621212121212122,5.0,1.0
491,51.06701344653605,5.091603053435114,1.9618320610687023,5.0,1.0
492,51.78331213190387,5.285714285714286,1.9699248120300752,5.0,1.0
493,52.041343312313316,5.641221374045801,1.9770992366412214,5.0,1.0
494,51.52720337813217,5.412213740458015,1.984732824427481,4.555555555555555,1.0
495,50.51990212003996,5.378787878787879,1.9848484848484849,4.111111111111111,1.0
496,51.59995572226165,5.578947368421052,1.9774436090225564,4.111111111111111,1.0
497,53.91819246000583,5.7835820895522385,1.9776119402985075,4.333333333333333,1.0
498,53.7291041662067,6.090225563909774,1.9849624060150375,4.555555555555555,1.0
499,53.397496790026786,6.313432835820896,1.9850746268656716,4.555555555555555,1.0
500,54.48675920326199,6.477611940298507,1.9776119402985075,4.555555555555555,1.0
501,55.2705064746105,6.796992481203008,1.9849624060150375,4.555555555555555,1.0
502,55.155542112754794,7.014925373134329,1.9776119402985075,4.555555555555555,1.0
503,56.63470221151558,7.291044776119403,1.9850746268656716,4.777777777777778,1.0
504,56.98850878274569,7.582089552238806,1.992537313432836,5.444444444444445,1.0
505,56.277992558490126,7.880597014925373,1.9477611940298507,5.666666666666667,1.0
506,56.35758427674579,7.343283582089552,1.955223880597015,5.222222222222222,1.0
507,54.346777441536894,7.2592592592592595,1.9481481481481482,4.777777777777778,1.0
508,54.27413714335835,7.266666666666667,1.962962962962963,5.222222222222222,1.0
509,56.67886793617245,7.2556390977443606,1.962406015037594,5.222222222222222,1.0
510,54.54623007190376,7.014925373134329,1.9477611940298507,5.0,1.0
511,55.51016896084385,6.970370370370371,1.9555555555555555,5.222222222222222,1.0
512,56.13357095134293,6.904411764705882,1.9485294117647058,5.222222222222222,1.0
513,56.64735679515928,6.919117647058823,1.9558823529411764,5.222222222222222,1.0
514,56.374978678753415,6.985401459854015,1.9708029197080292,5.888888888888889,1.0
515,56.45055378782829,7.109489051094891,1.9708029197080292,5.888888888888889,1.0
516,56.63957471029276,7.272058823529412,1.9558823529411764,5.888888888888889,1.0
517,55.51296523222527,7.328467153284672,1.9562043795620438,6.111111111111111,1.0
518,56.160632027085526,7.598540145985401,1.9708029197080292,6.666666666666667,1.0
519,54.58034975579735,7.9338235294117645,1.9852941176470589,6.666666666666667,1.0
520,57.889399947141676,8.421052631578947,2.0150375939849625,6.666666666666667,1.0
521,57.1277359180637,7.421052631578948,1.9699248120300752,5.555555555555555,1.0
522,56.746451912980895,6.451127819548872,1.9473684210526316,3.888888888888889,1.0
523,55.36424209072073,5.7894736842105265,1.9699248120300752,2.7777777777777777,1.0
524,56.015671832970405,5.165413533834586,1.9849624060150375,2.3333333333333335,1.0
525,56.776424189576446,5.121212121212121,1.9772727272727273,2.4444444444444446,1.0
526,56.29379251078139,5.164179104477612,1.9701492537313432,2.5555555555555554,1.0
527,54.60089479076542,5.296296296296297,1.962962962962963,2.5555555555555554,1.0
528,55.684147540148594,5.488888888888889,1.962962962962963,2.5555555555555554,1.0
529,55.30728760802892,5.696296296296296,1.9777777777777779,2.5555555555555554,1.0
530,55.537931785412994,5.777777777777778,1.9851851851851852,3.111111111111111,1.0
531,57.02560509595461,6.052238805970149,2.0,3.3333333333333335,1.0
532,56.118427623078794,5.659259259259259,1.9925925925925927,2.5555555555555554,1.0
533,56.56344746646845,5.511111111111111,2.0,2.2222222222222223,1.0
534,57.44154806047069,5.67910447761194,1.992537313432836,3.111111111111111,1.0
535,58.74102333786296,5.1893939393939394,2.0303030303030303,3.5555555555555554,1.0
536,60.0859230719994,4.5606060606060606,2.037878787878788,3.4444444444444446,1.0
537,60.361972958173766,4.030534351145038,2.045801526717557,2.888888888888889,1.0
538,59.614880996705665,3.5114503816793894,2.068702290076336,3.6666666666666665,1.0
539,59.61398139627508,3.0,2.0610687022900764,3.111111111111111,1.0
540,61.745167153852925,2.6769230769230767,2.0846153846153848,3.5555555555555554,1.0
541,61.42773288521313,2.5114503816793894,2.0839694656488548,3.7777777777777777,1.0
542,61.138947787681495,2.7099236641221376,2.122137404580153,4.666666666666667,1.0
543,61.163989551612076,2.962121212121212,2.121212121212121,5.0,1.0
544,60.12689827776571,3.225563909774436,2.1278195488721803,5.222222222222222,1.0
545,59.29976168340875,3.5454545454545454,2.1363636363636362,5.444444444444445,1.0
546,61.3253530276237,3.7293233082706765,2.1503759398496243,5.888888888888889,1.0
547,61.05906284974123,3.7669172932330826,2.1278195488721803,5.333333333333333,1.0
548,61.41425469632277,3.925373134328358,2.126865671641791,5.111111111111111,1.0
549,62.225247411262856,4.150375939849624,2.1353383458646618,5.444444444444445,1.0
550,62.84784263670747,4.5,2.143939393939394,5.666666666666667,1.0
551,61.98301538278387,4.358208955223881,2.126865671641791,5.555555555555555,1.0
552,59.834117412779676,4.454545454545454,2.1136363636363638,5.444444444444445,1.0
553,59.225539437848454,4.037593984962406,2.1052631578947367,4.777777777777778,1.0
554,61.55113985825483,3.716417910447761,2.1044776119402986,4.111111111111111,1.0
555,61.13836903195668,3.4592592592592593,2.096296296296296,4.0,1.0
556,61.35969099412528,2.748148148148148,2.088888888888889,2.888888888888889,1.0
557,63.8080568400675,2.701492537313433,2.1044776119402986,3.2222222222222223,1.0
558,64.17768209301238,2.6194029850746268,2.111940298507463,3.6666666666666665,1.0
559,64.45862247284164,2.406015037593985,2.1203007518796992,3.2222222222222223,1.0
560,62.65116434405623,2.3059701492537314,2.111940298507463,3.888888888888889,1.0
561,60.850943122541274,2.3059701492537314,2.1044776119402986,4.222222222222222,1.0
562,61.86310186391692,2.3059701492537314,2.1044776119402986,4.222222222222222,1.0
563,61.14600767025384,2.338345864661654,2.1203007518796992,4.666666666666667,1.0
564,62.15130176455544,2.366412213740458,2.122137404580153,4.666666666666667,1.0
565,61.33471815758449,2.345864661654135,2.112781954887218,4.666666666666667,1.0
566,60.7662760445988,2.4925373134328357,2.1194029850746268,5.111111111111111,1.0
567,60.46828643726829,2.5338345864661656,2.1052631578947367,5.111111111111111,1.0
568,59.6045406358728,2.5185185185185186,2.088888888888889,5.111111111111111,1.0
569,59.94338752301276,2.577777777777778,2.1037037037037036,4.777777777777778,1.0
570,59.73663152522087,2.740740740740741,2.088888888888889,4.777777777777778,1.0
571,59.86323169892484,2.889705882352941,2.088235294117647,5.0,1.0
572,60.97712563966492,3.088888888888889,2.096296296296296,4.777777777777778,1.0
573,60.60992111668587,3.264705882352941,2.110294117647059,5.444444444444445,1.0
574,60.02830335345979,3.2058823529411766,2.125,5.111111111111111,1.0
575,59.64752274337839,2.8905109489051095,2.124087591240876,4.111111111111111,1.0
576,60.69066875406829,2.7794117647058822,2.1323529411764706,3.111111111111111,1.0
577,59.78161333789072,2.7153284671532845,2.145985401459854,3.3333333333333335,1.0
578,60.79995879241997,2.760869565217391,2.1666666666666665,3.5555555555555554,1.0
579,62.259228375671256,2.753623188405797,2.1739130434782608,3.111111111111111,1.0
580,63.057443920522076,2.827338129496403,2.1654676258992804,3.111111111111111,1.0
581,61.7184305994148,2.9214285714285713,2.164285714285714,4.0,1.0
582,62.671371807526974,3.0428571428571427,2.1714285714285713,4.333333333333333,1.0
583,62.009997909779436,2.8214285714285716,2.1714285714285713,4.111111111111111,1.0
584,60.589422288176024,2.7857142857142856,2.1785714285714284,3.5555555555555554,1.0
585,62.33424981677898,2.8297872340425534,2.1702127659574466,3.2222222222222223,1.0
586,63.69821273567918,2.9568345323741005,2.2014388489208634,3.2222222222222223,1.0
587,63.056657944576145,3.00709219858156,2.1914893617021276,3.4444444444444446,1.0
588,63.536478439917786,3.1549295774647885,2.1901408450704225,3.4444444444444446,1.0
589,61.13751289824762,3.3380281690140845,2.1690140845070425,3.4444444444444446,1.0
590,61.40105469875155,3.574468085106383,2.148936170212766,4.333333333333333,1.0
591,61.842261253025875,3.8085106382978724,2.1702127659574466,4.777777777777778,1.0
592,61.90903774270455,4.02112676056338,2.1690140845070425,4.777777777777778,1.0
593,61.55425702727479,4.146853146853147,2.160839160839161,5.222222222222222,1.0
594,60.43955449732583,4.204225352112676,2.1549295774647885,4.555555555555555,1.0
595,59.38124801233976,4.321678321678322,2.13986013986014,4.333333333333333,1.0
596,61.795338788655,3.5804195804195804,2.160839160839161,3.7777777777777777,1.0
597,61.0395116666844,3.272727272727273,2.160839160839161,3.6666666666666665,1.0
598,61.642442840304255,3.204225352112676,2.1619718309859155,3.4444444444444446,1.0
599,60.72730655054577,2.993006993006993,2.174825174825175,3.5555555555555554,1.0
600,60.94286933834173,2.804195804195804,2.1818181818181817,3.4444444444444446,1.0
601,61.84054916323478,2.762237762237762,2.2167832167832167,4.888888888888889,1.0
602,61.01888009662171,2.924137931034483,2.2,5.111111111111111,1.0
603,61.79464713428004,3.1448275862068966,2.220689655172414,5.777777777777778,1.0
604,60.82940997448604,3.2517482517482517,2.230769230769231,6.666666666666667,1.0
605,61.05917306814888,3.236111111111111,2.2430555555555554,6.888888888888889,1.0
606,62.425261983456835,3.475862068965517,2.2551724137931033,7.111111111111111,1.0
607,60.97737792416647,3.6780821917808217,2.2739726027397262,7.666666666666667,1.0
608,61.567826843664115,3.952054794520548,2.287671232876712,8.222222222222221,1.0
609,63.11305590145467,4.190476190476191,2.292517006802721,8.222222222222221,1.0
610,61.815767836990084,4.45945945945946,2.2837837837837838,8.222222222222221,1.0
611,63.46100473621211,4.47972972972973,2.2905405405405403,7.111111111111111,1.0
612,62.756451505308846,4.5369127516778525,2.295302013422819,5.888888888888889,1.0
613,61.2707164071461,4.76510067114094,2.3087248322147653,6.222222222222222,1.0
614,63.288565944947315,5.040268456375839,2.302013422818792,6.222222222222222,1.0
615,61.8336871023537,4.833333333333333,2.3,5.666666666666667,1.0
616,60.1859576162223,4.68,2.3,5.444444444444445,1.0
617,61.389636716182146,4.562913907284768,2.2980132450331126,5.111111111111111,1.0
618,58.749011097427,4.543046357615894,2.3046357615894038,5.444444444444445,1.0
619,58.996247170968324,4.594771241830065,2.287581699346405,5.444444444444445,1.0
620,60.296842038406304,4.848684210526316,2.2960526315789473,5.777777777777778,1.0
621,60.20093778223836,4.9144736842105265,2.2960526315789473,6.0,1.0
622,61.35763355610711,5.172185430463577,2.2913907284768213,6.0,1.0
623,58.816332672685945,5.417218543046357,2.2913907284768213,6.555555555555555,1.0
624,60.890132643311205,5.613333333333333,2.2733333333333334,6.555555555555555,1.0
625,62.402792903582146,5.925675675675675,2.277027027027027,6.888888888888889,1.0
626,61.662328090162724,6.217687074829932,2.272108843537415,7.111111111111111,1.0
627,61.84668101110681,6.4324324324324325,2.27027027027027,7.333333333333333,1.0
628,62.02999429054338,6.7482993197278915,2.2789115646258504,7.444444444444445,1.0
629,61.49712814761716,6.845637583892618,2.2751677852348995,7.666666666666667,1.0
630,62.22289982792893,6.899328859060403,2.295302013422819,7.444444444444445,1.0
631,62.63030165566213,7.0,2.302013422818792,7.555555555555555,1.0
632,62.261144795326665,7.20945945945946,2.2837837837837838,7.222222222222222,1.0
633,61.62524284692332,7.358108108108108,2.2972972972972974,7.222222222222222,1.0
634,62.17373812162811,7.364864864864865,2.277027027027027,6.666666666666667,1.0
635,63.42360894470933,7.486486486486487,2.2837837837837838,6.444444444444445,1.0
636,62.309858390283324,7.617449664429531,2.2885906040268456,6.111111111111111,1.0
637,62.81529384554566,7.879194630872483,2.315436241610738,6.666666666666667,1.0
638,62.9286953235982,6.973333333333334,2.3266666666666667,6.222222222222222,1.0
639,63.63236306697805,6.364238410596027,2.3178807947019866,5.666666666666667,1.0
640,62.96285958375115,5.98,2.2933333333333334,5.444444444444445,1.0
641,65.03370371326174,5.8533333333333335,2.2933333333333334,5.444444444444445,1.0
642,63.81338781920473,5.8108108108108105,2.310810810810811,5.444444444444445,1.0
643,66.61210161682685,5.6506849315068495,2.2945205479452055,5.0,1.0
644,66.07280548793281,5.86986301369863,2.267123287671233,5.333333333333333,1.0
645,69.18232566419388,6.041379310344827,2.2413793103448274,5.666666666666667,1.0
646,69.73694796214174,6.2827586206896555,2.2413793103448274,6.0,1.0
647,69.80457751260755,6.2827586206896555,2.2551724137931033,5.888888888888889,1.0
648,68.4939859719133,5.655172413793103,2.2620689655172415,5.777777777777778,1.0
649,68.0480247427008,5.0272108843537415,2.2448979591836733,5.222222222222222,1.0
650,68.23992241442389,4.917241379310345,2.2620689655172415,4.444444444444445,1.0
651,68.78664039582723,5.123287671232877,2.2739726027397262,5.0,1.0
652,67.9998484412321,5.406896551724138,2.282758620689655,5.0,1.0
653,66.7494757239761,5.755244755244755,2.2587412587412588,5.0,1.0
654,69.32296086032527,5.645833333333333,2.2569444444444446,5.111111111111111,1.0
655,69.02236432675907,5.548611111111111,2.2708333333333335,5.0,1.0
656,67.99719948098227,5.5874125874125875,2.2867132867132867,5.0,1.0
657,69.55513405480318,5.4125874125874125,2.300699300699301,5.0,1.0
658,69.2919992532897,5.47887323943662,2.3028169014084505,5.0,1.0
659,69.76342978457096,5.725352112676056,2.3028169014084505,5.0,1.0
660,69.2231513288738,5.577464788732394,2.3098591549295775,5.0,1.0
661,69.36459570572181,5.514084507042254,2.3098591549295775,4.444444444444445,1.0
662,68.48299828035148,5.6223776223776225,2.3076923076923075,4.444444444444445,1.0
663,68.86361817251753,5.326388888888889,2.3055555555555554,3.7777777777777777,1.0
664,66.4543763786915,5.398601398601398,2.3146853146853146,3.4444444444444446,1.0
665,68.76701295711513,5.510344827586207,2.2896551724137932,3.4444444444444446,1.0
666,68.50261360306106,5.743055555555555,2.2916666666666665,3.6666666666666665,1.0
667,68.78046506354725,5.944444444444445,2.298611111111111,3.6666666666666665,1.0
668,68.84172166171433,6.13103448275862,2.317241379310345,4.444444444444445,1.0
669,69.40162001345463,6.409722222222222,2.326388888888889,4.666666666666667,1.0
670,68.98834076245397,6.699300699300699,2.3216783216783217,5.222222222222222,1.0
671,69.06159320926155,6.746478873239437,2.323943661971831,4.666666666666667,1.0
672,70.21387200123445,6.873239436619718,2.352112676056338,5.111111111111111,1.0
673,70.32254483236487,6.839160839160839,2.3426573426573425,4.666666666666667,1.0
674,69.34222674356523,6.965277777777778,2.3333333333333335,4.666666666666667,1.0
675,69.09524166083877,7.138888888888889,2.326388888888889,4.666666666666667,1.0
676,66.7872534624493,7.450704225352113,2.316901408450704,4.666666666666667,1.0
677,67.73464394606295,7.436619718309859,2.323943661971831,4.333333333333333,1.0
678,66.53115021299936,7.326388888888889,2.2916666666666665,4.0,1.0
679,66.94073834921514,7.034722222222222,2.2916666666666665,3.111111111111111,1.0
680,65.63622233681392,7.006896551724138,2.296551724137931,3.2222222222222223,1.0
681,67.14784961881053,7.314685314685315,2.3146853146853146,3.888888888888889,1.0
682,66.85057672257568,7.388888888888889,2.326388888888889,4.555555555555555,1.0
683,67.52860985623488,7.465753424657534,2.315068493150685,4.555555555555555,1.0
684,68.81351669917606,7.698630136986301,2.335616438356164,5.111111111111111,1.0
685,67.98903013355017,7.197278911564626,2.3537414965986394,5.0,1.0
686,69.97686135449905,7.462585034013605,2.3741496598639458,5.111111111111111,1.0
687,69.37033188576696,7.624161073825503,2.3557046979865772,5.333333333333333,1.0
688,69.14696478485642,7.86,2.3666666666666667,6.111111111111111,1.0
689,69.05961072011554,8.073333333333334,2.38,6.666666666666667,1.0
690,69.9334473815185,8.436241610738255,2.3959731543624163,7.222222222222222,1.0
691,71.07202752899796,8.686666666666667,2.3866666666666667,7.222222222222222,1.0
692,71.17370805725241,8.98,2.3933333333333335,7.555555555555555,1.0
693,70.75761011603983,9.293333333333333,2.4066666666666667,7.555555555555555,1.0
694,72.96448408690993,9.286666666666667,2.42,6.888888888888889,1.0
695,70.31630734226326,9.218543046357615,2.3973509933774833,6.0,1.0
696,70.21902002111088,9.386666666666667,2.4133333333333336,5.333333333333333,1.0
697,71.6345655065643,9.509933774834437,2.410596026490066,5.222222222222222,1.0
698,71.38815921963695,9.746666666666666,2.3866666666666667,5.111111111111111,1.0
699,71.01329758769619,9.859060402684564,2.3624161073825505,4.777777777777778,1.0
700,70.94349432842222,9.986577181208053,2.3624161073825505,5.111111111111111,1.0
701,69.50346447822737,9.87248322147651,2.3624161073825505,4.333333333333333,1.0
702,69.53928199594235,9.9,2.36,4.444444444444445,1.0
703,69.32791673524383,10.026666666666667,2.3733333333333335,4.777777777777778,1.0
704,67.96977047036033,8.638157894736842,2.3552631578947367,3.7777777777777777,1.0
705,68.67699917905833,7.954248366013072,2.3529411764705883,3.3333333333333335,1.0
706,68.19358288006143,7.52317880794702,2.3311258278145695,3.4444444444444446,1.0
707,67.19506336777494,7.113333333333333,2.3466666666666667,4.444444444444445,1.0
708,66.57322755214217,6.7114093959731544,2.3624161073825505,4.888888888888889,1.0
709,68.16509937205902,6.22,2.3666666666666667,5.666666666666667,1.0
710,68.04074870757277,5.754966887417218,2.370860927152318,5.888888888888889,1.0
711,69.5143725726469,5.337748344370861,2.384105960264901,6.333333333333333,1.0
712,69.73464918941544,4.690789473684211,2.401315789473684,7.0,1.0
713,71.16851362406922,4.768211920529802,2.4304635761589406,6.888888888888889,1.0
714,71.45628716516677,4.5131578947368425,2.4276315789473686,7.111111111111111,1.0
715,69.6388239001379,4.006535947712418,2.4313725490196076,7.0,1.0
716,70.05735751835996,3.6623376623376624,2.4675324675324677,7.666666666666667,1.0
717,71.12406252892055,3.412903225806452,2.464516129032258,7.666666666666667,1.0
718,70.6127306376719,3.25974025974026,2.4740259740259742,8.0,1.0
719,70.43567877209328,3.0903225806451613,2.47741935483871,8.333333333333334,1.0
720,70.88972330639848,2.8421052631578947,2.4671052631578947,7.666666666666667,1.0
721,70.12375540374354,2.764705882352941,2.4379084967320264,7.555555555555555,1.0
722,70.08641495070452,2.8758169934640523,2.457516339869281,8.0,1.0
723,70.08992177590706,3.0980392156862746,2.4640522875816995,8.222222222222221,1.0
724,71.7725376911714,3.1103896103896105,2.461038961038961,7.888888888888889,1.0
725,72.81726400161249,3.1870967741935483,2.4516129032258065,7.555555555555555,1.0
726,72.77091447439788,3.3419354838709676,2.445161290322581,7.444444444444445,1.0
727,71.69134433934823,3.5448717948717947,2.4423076923076925,7.444444444444445,1.0
728,72.7827337329233,3.8,2.445161290322581,7.444444444444445,1.0
729,72.11557416572438,3.5576923076923075,2.4423076923076925,6.444444444444445,1.0
730,72.33399896745742,3.5324675324675323,2.4415584415584415,5.777777777777778,1.0
731,71.07832311446761,3.6862745098039214,2.4052287581699345,5.666666666666667,1.0
732,69.87467786606338,3.9281045751633985,2.3986928104575163,5.888888888888889,1.0
733,69.0203769652279,4.1558441558441555,2.4025974025974026,5.888888888888889,1.0
734,69.0507803900526,4.283870967741936,2.3870967741935485,5.888888888888889,1.0
735,69.63116753666337,4.461038961038961,2.409090909090909,6.444444444444445,1.0
736,69.49686239591325,4.658064516129032,2.4,6.444444444444445,1.0
737,68.93940841122725,4.859872611464968,2.394904458598726,6.444444444444445,1.0
738,70.523769243502,5.160256410256411,2.391025641025641,6.444444444444445,1.0
739,69.99667252186164,5.388535031847134,2.394904458598726,6.777777777777778,1.0
740,71.16278115078983,5.6687898089171975,2.4012738853503186,7.222222222222222,1.0
741,71.43118790738612,5.8164556962025316,2.3987341772151898,7.333333333333333,1.0
742,68.37305583218414,5.641025641025641,2.391025641025641,6.777777777777778,1.0
743,68.11392568919699,5.579617834394904,2.388535031847134,6.333333333333333,1.0
744,69.07749696069303,5.751592356687898,2.4076433121019107,6.888888888888889,1.0
745,70.23389044265848,5.993589743589744,2.423076923076923,6.666666666666667,1.0
746,69.15585581975827,5.554838709677419,2.425806451612903,6.0,1.0
747,68.26120688431186,5.07051282051282,2.423076923076923,4.888888888888889,1.0
748,67.13953252218145,4.794871794871795,2.4294871794871793,4.222222222222222,1.0
749,67.28706932308971,4.787096774193548,2.432258064516129,4.222222222222222,1.0
750,69.44720542267144,4.974193548387097,2.4387096774193546,4.222222222222222,1.0
751,69.72145393811657,5.141025641025641,2.4358974358974357,4.444444444444445,1.0
752,71.1495159987654,5.422077922077922,2.4415584415584415,4.666666666666667,1.0
753,70.93818873001788,5.625806451612903,2.458064516129032,5.555555555555555,1.0
754,68.71426647799427,5.890322580645162,2.432258064516129,6.444444444444445,1.0
755,71.34627674269667,6.282894736842105,2.4210526315789473,6.555555555555555,1.0
756,71.58398977991409,6.6092715231788075,2.410596026490066,6.555555555555555,1.0
757,72.860234702458,6.953333333333333,2.433333333333333,6.777777777777778,1.0
758,74.16007787657051,7.211920529801325,2.4304635761589406,7.111111111111111,1.0
759,73.18967342705612,7.52317880794702,2.3642384105960264,7.333333333333333,1.0
760,73.42521452938558,7.731543624161074,2.3691275167785233,6.777777777777778,1.0
761,73.36690896426622,8.033557046979865,2.3624161073825505,6.777777777777778,1.0
762,72.83715740203942,8.134228187919463,2.3624161073825505,6.222222222222222,1.0
763,72.23556103395894,8.405405405405405,2.3175675675675675,5.777777777777778,1.0
764,72.29419853505925,8.748299319727892,2.306122448979592,5.777777777777778,1.0
765,71.73696992477754,8.993243243243244,2.3175675675675675,5.777777777777778,1.0
766,72.4418976693473,9.231292517006803,2.292517006802721,5.777777777777778,1.0
767,72.5155331147161,9.135135135135135,2.304054054054054,6.222222222222222,1.0
768,72.31083758397176,9.216216216216216,2.2837837837837838,6.0,1.0
769,72.17810992467464,9.35135135135135,2.2972972972972974,5.666666666666667,1.0
770,73.30647797307691,9.516778523489933,2.295302013422819,5.444444444444445,1.0
771,72.30133790488422,9.546666666666667,2.2866666666666666,5.444444444444445,1.0
772,74.25483690638046,9.746666666666666,2.3066666666666666,5.666666666666667,1.0
773,70.7020616113088,9.306666666666667,2.3133333333333335,5.222222222222222,1.0
774,72.34812500260887,9.10738255033557,2.3221476510067114,5.0,1.0
775,75.96853257159236,8.912162162162161,2.3175675675675675,5.222222222222222,1.0
776,75.33221279903016,8.64,2.2933333333333334,5.555555555555555,1.0
777,74.15557308335823,8.52,2.3133333333333335,5.222222222222222,1.0
778,77.056330415974,8.386666666666667,2.3133333333333335,5.333333333333333,1.0
779,73.75564153653305,8.286666666666667,2.3333333333333335,6.0,1.0
780,73.82934532610595,8.14569536423841,2.337748344370861,6.333333333333333,1.0
781,74.4951572797944,8.705479452054794,2.315068493150685,6.555555555555555,1.0
782,73.1424297250928,8.571428571428571,2.326530612244898,7.555555555555555,1.0
783,73.87842966543106,8.452702702702704,2.3175675675675675,7.777777777777778,1.0
784,73.82925718721192,7.8120805369127515,2.3087248322147653,6.888888888888889,1.0
785,72.8960405410176,7.395973154362416,2.3087248322147653,6.555555555555555,1.0
786,72.743481990535,7.486486486486487,2.324324324324324,6.222222222222222,1.0
787,73.18997026593387,7.1891891891891895,2.3378378378378377,6.666666666666667,1.0
788,72.39907926857437,6.885906040268456,2.3221476510067114,6.222222222222222,1.0
789,72.34372518189689,6.590604026845638,2.3288590604026846,6.0,1.0
790,71.42003518644837,6.1824324324324325,2.2837837837837838,5.777777777777778,1.0
791,71.83201467412063,5.087837837837838,2.2905405405405403,5.222222222222222,1.0
792,73.15742202391573,4.27027027027027,2.2905405405405403,4.666666666666667,1.0
793,71.46765134278868,3.6533333333333333,2.2866666666666666,4.444444444444445,1.0
794,72.55128573440548,3.053691275167785,2.315436241610738,4.666666666666667,1.0
795,71.73713070841838,3.2333333333333334,2.3266666666666667,5.0,1.0
796,72.19625432919871,3.4496644295302015,2.3221476510067114,5.0,1.0
797,72.89050257074447,3.6466666666666665,2.3333333333333335,5.333333333333333,1.0
798,70.26842933839258,3.88,2.3066666666666666,5.666666666666667,1.0
799,70.62707984640566,3.8926174496644297,2.315436241610738,5.666666666666667,1.0
